solver_type MCSVM_CS
nr_class 3
label 0 1 2
nr_feature 396
bias -1
w
0.02245414636189651 0.0112263253356108 -0.03368047169750732 
0.1096412803709846 -0.05210312398666243 -0.05753815638432213 
-0.09930704579005473 0.008791754458707198 0.09051529133134756 
0.1096412803709846 -0.05210312398666243 -0.05753815638432213 
0.1096412803709846 -0.05210312398666243 -0.05753815638432213 
0.1096412803709846 -0.05210312398666243 -0.05753815638432213 
0.1096412803709846 -0.05210312398666243 -0.05753815638432213 
0.1096412803709846 -0.05210312398666243 -0.05753815638432213 
0.1096412803709846 -0.05210312398666243 -0.05753815638432213 
0.07310695786616628 -0.08725545149678204 0.01414849363061575 
0.1096412803709846 -0.05210312398666243 -0.05753815638432213 
0.1622014507383823 -0.07773496210240698 -0.08446648863597536 
0.01669860682419036 0.09636650057008647 -0.1130651073942768 
0.1622014507383823 -0.07773496210240698 -0.08446648863597536 
0.1115486392341126 0.02074681472998587 -0.1322954539640984 
0.1096412803709846 -0.05210312398666243 -0.05753815638432213 
-0.0428986947480788 -0.1748301976081613 0.2177288923562401 
0.1096412803709846 -0.05210312398666243 -0.05753815638432213 
0.1096412803709846 -0.05210312398666243 -0.05753815638432213 
0.05132557046588061 0.05866888936355778 -0.1099944598294384 
0.05132557046588061 0.05866888936355778 -0.1099944598294384 
0.1096412803709846 -0.05210312398666243 -0.05753815638432213 
0.04619579812413726 -0.1653097082137863 0.119113910089649 
0.1096412803709846 -0.05210312398666243 -0.05753815638432213 
0.1096412803709846 -0.05210312398666243 -0.05753815638432213 
0.1096412803709846 -0.05210312398666243 -0.05753815638432213 
-0.09930704579005473 0.008791754458707198 0.09051529133134756 
0.1096412803709846 -0.05210312398666243 -0.05753815638432213 
0.1096412803709846 -0.05210312398666243 -0.05753815638432213 
0.1096412803709846 -0.05210312398666243 -0.05753815638432213 
0.1096412803709846 -0.05210312398666243 -0.05753815638432213 
0.1096412803709846 -0.05210312398666243 -0.05753815638432213 
0.1096412803709846 -0.05210312398666243 -0.05753815638432213 
0.1096412803709846 -0.05210312398666243 -0.05753815638432213 
0.1096412803709846 -0.05210312398666243 -0.05753815638432213 
0.1096412803709846 -0.05210312398666243 -0.05753815638432213 
0.1096412803709846 -0.05210312398666243 -0.05753815638432213 
0.1096412803709846 -0.05210312398666243 -0.05753815638432213 
0.06735141832846016 -0.002115276262306378 -0.06523614206615375 
0.1622014507383823 -0.07773496210240698 -0.08446648863597536 
0.1096412803709846 -0.05210312398666243 -0.05753815638432213 
0.1096412803709846 -0.05210312398666243 -0.05753815638432213 
0.1096412803709846 -0.05210312398666243 -0.05753815638432213 
-0.00636437224326055 -0.1396778700980417 0.1460422423413022 
0.1096412803709846 -0.05210312398666243 -0.05753815638432213 
0.1096412803709846 -0.05210312398666243 -0.05753815638432213 
0.1096412803709846 -0.05210312398666243 -0.05753815638432213 
0.1096412803709846 -0.05210312398666243 -0.05753815638432213 
0.05132557046588061 0.05866888936355778 -0.1099944598294384 
0.1096412803709846 -0.05210312398666243 -0.05753815638432213 
0.1096412803709846 -0.05210312398666243 -0.05753815638432213 
0.1096412803709846 -0.05210312398666243 -0.05753815638432213 
0.1096412803709846 -0.05210312398666243 -0.05753815638432213 
0.1096412803709846 -0.05210312398666243 -0.05753815638432213 
0.0525601703673978 -0.02563183811574455 -0.02692833225165324 
0.0525601703673978 -0.02563183811574455 -0.02692833225165324 
0.01602584786257953 -0.06078416562586416 0.04475831776328464 
0.01602584786257953 -0.06078416562586416 0.04475831776328464 
0.0525601703673978 -0.02563183811574455 -0.02692833225165324 
0.0525601703673978 -0.02563183811574455 -0.02692833225165324 
0.0525601703673978 -0.02563183811574455 -0.02692833225165324 
0.0525601703673978 -0.02563183811574455 -0.02692833225165324 
0.0525601703673978 -0.02563183811574455 -0.02692833225165324 
0.0525601703673978 -0.02563183811574455 -0.02692833225165324 
0.0525601703673978 -0.02563183811574455 -0.02692833225165324 
0.0525601703673978 -0.02563183811574455 -0.02692833225165324 
0.0525601703673978 -0.02563183811574455 -0.02692833225165324 
0.0525601703673978 -0.02563183811574455 -0.02692833225165324 
0.0525601703673978 -0.02563183811574455 -0.02692833225165324 
0.0525601703673978 -0.02563183811574455 -0.02692833225165324 
0.0525601703673978 -0.02563183811574455 -0.02692833225165324 
0.0525601703673978 -0.02563183811574455 -0.02692833225165324 
0.0525601703673978 -0.02563183811574455 -0.02692833225165324 
0.01602584786257953 -0.06078416562586416 0.04475831776328464 
0.0525601703673978 -0.02563183811574455 -0.02692833225165324 
0.01602584786257953 -0.06078416562586416 0.04475831776328464 
0.0525601703673978 -0.02563183811574455 -0.02692833225165324 
0.0525601703673978 -0.02563183811574455 -0.02692833225165324 
0.0525601703673978 -0.02563183811574455 -0.02692833225165324 
0.0525601703673978 -0.02563183811574455 -0.02692833225165324 
0.0525601703673978 -0.02563183811574455 -0.02692833225165324 
0.0525601703673978 -0.02563183811574455 -0.02692833225165324 
0.0525601703673978 -0.02563183811574455 -0.02692833225165324 
0.0525601703673978 -0.02563183811574455 -0.02692833225165324 
0.0525601703673978 -0.02563183811574455 -0.02692833225165324 
0.0525601703673978 -0.02563183811574455 -0.02692833225165324 
0.0525601703673978 -0.02563183811574455 -0.02692833225165324 
0.0525601703673978 -0.02563183811574455 -0.02692833225165324 
0.0525601703673978 -0.02563183811574455 -0.02692833225165324 
0.0525601703673978 -0.02563183811574455 -0.02692833225165324 
0.0525601703673978 -0.02563183811574455 -0.02692833225165324 
0.001907358863128017 0.0728499387166483 -0.07475729757977631 
0.0525601703673978 -0.02563183811574455 -0.02692833225165324 
0.0525601703673978 -0.02563183811574455 -0.02692833225165324 
0.0525601703673978 -0.02563183811574455 -0.02692833225165324 
0.0525601703673978 -0.02563183811574455 -0.02692833225165324 
0.0525601703673978 -0.02563183811574455 -0.02692833225165324 
0.0525601703673978 -0.02563183811574455 -0.02692833225165324 
0.0525601703673978 -0.02563183811574455 -0.02692833225165324 
0.0525601703673978 -0.02563183811574455 -0.02692833225165324 
0.0525601703673978 -0.02563183811574455 -0.02692833225165324 
0.0525601703673978 -0.02563183811574455 -0.02692833225165324 
0.0525601703673978 -0.02563183811574455 -0.02692833225165324 
0.0525601703673978 -0.02563183811574455 -0.02692833225165324 
0.0525601703673978 -0.02563183811574455 -0.02692833225165324 
0.0525601703673978 -0.02563183811574455 -0.02692833225165324 
0.0525601703673978 -0.02563183811574455 -0.02692833225165324 
-0.005755539537706144 0.08514017523447566 -0.07938463569676951 
0.0525601703673978 -0.02563183811574455 -0.02692833225165324 
0.0525601703673978 -0.02563183811574455 -0.02692833225165324 
0.0525601703673978 -0.02563183811574455 -0.02692833225165324 
0.0525601703673978 -0.02563183811574455 -0.02692833225165324 
0.01602584786257953 -0.06078416562586416 0.04475831776328464 
0.0525601703673978 -0.02563183811574455 -0.02692833225165324 
0.0525601703673978 -0.02563183811574455 -0.02692833225165324 
0.0525601703673978 -0.02563183811574455 -0.02692833225165324 
0.0525601703673978 -0.02563183811574455 -0.02692833225165324 
0.0525601703673978 -0.02563183811574455 -0.02692833225165324 
0.0525601703673978 -0.02563183811574455 -0.02692833225165324 
0.0525601703673978 -0.02563183811574455 -0.02692833225165324 
0.0525601703673978 -0.02563183811574455 -0.02692833225165324 
0.0525601703673978 -0.02563183811574455 -0.02692833225165324 
0.0525601703673978 -0.02563183811574455 -0.02692833225165324 
0.0525601703673978 -0.02563183811574455 -0.02692833225165324 
0.0525601703673978 -0.02563183811574455 -0.02692833225165324 
0.0525601703673978 -0.02563183811574455 -0.02692833225165324 
0.0525601703673978 -0.02563183811574455 -0.02692833225165324 
0.0525601703673978 -0.02563183811574455 -0.02692833225165324 
0.0525601703673978 -0.02563183811574455 -0.02692833225165324 
0.0525601703673978 -0.02563183811574455 -0.02692833225165324 
0.0525601703673978 -0.02563183811574455 -0.02692833225165324 
0.0525601703673978 -0.02563183811574455 -0.02692833225165324 
0.0525601703673978 -0.02563183811574455 -0.02692833225165324 
0.0525601703673978 -0.02563183811574455 -0.02692833225165324 
0.0525601703673978 -0.02563183811574455 -0.02692833225165324 
0.0525601703673978 -0.02563183811574455 -0.02692833225165324 
0.0525601703673978 -0.02563183811574455 -0.02692833225165324 
0.0525601703673978 -0.02563183811574455 -0.02692833225165324 
0.0525601703673978 -0.02563183811574455 -0.02692833225165324 
0.0525601703673978 -0.02563183811574455 -0.02692833225165324 
0.0525601703673978 -0.02563183811574455 -0.02692833225165324 
0.0525601703673978 -0.02563183811574455 -0.02692833225165324 
0.0525601703673978 -0.02563183811574455 -0.02692833225165324 
0.0525601703673978 -0.02563183811574455 -0.02692833225165324 
0.0525601703673978 -0.02563183811574455 -0.02692833225165324 
0.0525601703673978 -0.02563183811574455 -0.02692833225165324 
0.0525601703673978 -0.02563183811574455 -0.02692833225165324 
0.0525601703673978 -0.02563183811574455 -0.02692833225165324 
0.0525601703673978 -0.02563183811574455 -0.02692833225165324 
0.0525601703673978 -0.02563183811574455 -0.02692833225165324 
0.0525601703673978 -0.02563183811574455 -0.02692833225165324 
0.0525601703673978 -0.02563183811574455 -0.02692833225165324 
0.0525601703673978 -0.02563183811574455 -0.02692833225165324 
0.0525601703673978 -0.02563183811574455 -0.02692833225165324 
0.0525601703673978 -0.02563183811574455 -0.02692833225165324 
0.0525601703673978 -0.02563183811574455 -0.02692833225165324 
0.0525601703673978 -0.02563183811574455 -0.02692833225165324 
0.0525601703673978 -0.02563183811574455 -0.02692833225165324 
0.0525601703673978 -0.02563183811574455 -0.02692833225165324 
0.0525601703673978 -0.02563183811574455 -0.02692833225165324 
0.0525601703673978 -0.02563183811574455 -0.02692833225165324 
0.0525601703673978 -0.02563183811574455 -0.02692833225165324 
0.0525601703673978 -0.02563183811574455 -0.02692833225165324 
0.0525601703673978 -0.02563183811574455 -0.02692833225165324 
0.0525601703673978 -0.02563183811574455 -0.02692833225165324 
0.0525601703673978 -0.02563183811574455 -0.02692833225165324 
0.0525601703673978 -0.02563183811574455 -0.02692833225165324 
0.0525601703673978 -0.02563183811574455 -0.02692833225165324 
0.0525601703673978 -0.02563183811574455 -0.02692833225165324 
0.0525601703673978 -0.02563183811574455 -0.02692833225165324 
0.0525601703673978 -0.02563183811574455 -0.02692833225165324 
0.0525601703673978 -0.02563183811574455 -0.02692833225165324 
0.0525601703673978 -0.02563183811574455 -0.02692833225165324 
0.0525601703673978 -0.02563183811574455 -0.02692833225165324 
0.0525601703673978 -0.02563183811574455 -0.02692833225165324 
0.0525601703673978 -0.02563183811574455 -0.02692833225165324 
0.0525601703673978 -0.02563183811574455 -0.02692833225165324 
0.0525601703673978 -0.02563183811574455 -0.02692833225165324 
0.0525601703673978 -0.02563183811574455 -0.02692833225165324 
0.0525601703673978 -0.02563183811574455 -0.02692833225165324 
0.0525601703673978 -0.02563183811574455 -0.02692833225165324 
0.0525601703673978 -0.02563183811574455 -0.02692833225165324 
0.0525601703673978 -0.02563183811574455 -0.02692833225165324 
0.0525601703673978 -0.02563183811574455 -0.02692833225165324 
0.0525601703673978 -0.02563183811574455 -0.02692833225165324 
0.0525601703673978 -0.02563183811574455 -0.02692833225165324 
0.0525601703673978 -0.02563183811574455 -0.02692833225165324 
0.0525601703673978 -0.02563183811574455 -0.02692833225165324 
0.0525601703673978 -0.02563183811574455 -0.02692833225165324 
0.0525601703673978 -0.02563183811574455 -0.02692833225165324 
0.0525601703673978 -0.02563183811574455 -0.02692833225165324 
0.0525601703673978 -0.02563183811574455 -0.02692833225165324 
0.0525601703673978 -0.02563183811574455 -0.02692833225165324 
0.0525601703673978 -0.02563183811574455 -0.02692833225165324 
0.0525601703673978 -0.02563183811574455 -0.02692833225165324 
0.0525601703673978 -0.02563183811574455 -0.02692833225165324 
0.0525601703673978 -0.02563183811574455 -0.02692833225165324 
0.0525601703673978 -0.02563183811574455 -0.02692833225165324 
0.0525601703673978 -0.02563183811574455 -0.02692833225165324 
0.0525601703673978 -0.02563183811574455 -0.02692833225165324 
0.0525601703673978 -0.02563183811574455 -0.02692833225165324 
0.0525601703673978 -0.02563183811574455 -0.02692833225165324 
0.0525601703673978 -0.02563183811574455 -0.02692833225165324 
0.0525601703673978 -0.02563183811574455 -0.02692833225165324 
0.0525601703673978 -0.02563183811574455 -0.02692833225165324 
0.0525601703673978 -0.02563183811574455 -0.02692833225165324 
0.0525601703673978 -0.02563183811574455 -0.02692833225165324 
0.0525601703673978 -0.02563183811574455 -0.02692833225165324 
0.0525601703673978 -0.02563183811574455 -0.02692833225165324 
0.0525601703673978 -0.02563183811574455 -0.02692833225165324 
0.0525601703673978 -0.02563183811574455 -0.02692833225165324 
0.0525601703673978 -0.02563183811574455 -0.02692833225165324 
0.0525601703673978 -0.02563183811574455 -0.02692833225165324 
0.0525601703673978 -0.02563183811574455 -0.02692833225165324 
0.0525601703673978 -0.02563183811574455 -0.02692833225165324 
-0.05065281150426978 0.09848177683239284 -0.04782896532812306 
-0.05065281150426978 0.09848177683239284 -0.04782896532812306 
-0.05065281150426978 0.09848177683239284 -0.04782896532812306 
-0.05065281150426978 0.09848177683239284 -0.04782896532812306 
-0.05065281150426978 0.09848177683239284 -0.04782896532812306 
-0.05065281150426978 0.09848177683239284 -0.04782896532812306 
-0.05065281150426978 0.09848177683239284 -0.04782896532812306 
-0.05065281150426978 0.09848177683239284 -0.04782896532812306 
-0.05065281150426978 0.09848177683239284 -0.04782896532812306 
-0.05065281150426978 0.09848177683239284 -0.04782896532812306 
-0.05065281150426978 0.09848177683239284 -0.04782896532812306 
-0.05065281150426978 0.09848177683239284 -0.04782896532812306 
-0.05065281150426978 0.09848177683239284 -0.04782896532812306 
-0.05065281150426978 0.09848177683239284 -0.04782896532812306 
-0.05065281150426978 0.09848177683239284 -0.04782896532812306 
-0.05065281150426978 0.09848177683239284 -0.04782896532812306 
-0.05065281150426978 0.09848177683239284 -0.04782896532812306 
-0.05065281150426978 0.09848177683239284 -0.04782896532812306 
-0.05065281150426978 0.09848177683239284 -0.04782896532812306 
-0.05065281150426978 0.09848177683239284 -0.04782896532812306 
-0.05065281150426978 0.09848177683239284 -0.04782896532812306 
-0.05065281150426978 0.09848177683239284 -0.04782896532812306 
-0.05065281150426978 0.09848177683239284 -0.04782896532812306 
-0.05065281150426978 0.09848177683239284 -0.04782896532812306 
-0.05065281150426978 0.09848177683239284 -0.04782896532812306 
-0.05065281150426978 0.09848177683239284 -0.04782896532812306 
-0.05065281150426978 0.09848177683239284 -0.04782896532812306 
-0.05065281150426978 0.09848177683239284 -0.04782896532812306 
-0.05065281150426978 0.09848177683239284 -0.04782896532812306 
-0.05065281150426978 0.09848177683239284 -0.04782896532812306 
-0.05065281150426978 0.09848177683239284 -0.04782896532812306 
-0.05065281150426978 0.09848177683239284 -0.04782896532812306 
-0.05065281150426978 0.09848177683239284 -0.04782896532812306 
-0.05065281150426978 0.09848177683239284 -0.04782896532812306 
-0.05065281150426978 0.09848177683239284 -0.04782896532812306 
-0.05065281150426978 0.09848177683239284 -0.04782896532812306 
-0.05065281150426978 0.09848177683239284 -0.04782896532812306 
-0.05065281150426978 0.09848177683239284 -0.04782896532812306 
-0.05065281150426978 0.09848177683239284 -0.04782896532812306 
-0.05065281150426978 0.09848177683239284 -0.04782896532812306 
-0.05065281150426978 0.09848177683239284 -0.04782896532812306 
-0.05065281150426978 0.09848177683239284 -0.04782896532812306 
-0.05065281150426978 0.09848177683239284 -0.04782896532812306 
-0.05065281150426978 0.09848177683239284 -0.04782896532812306 
-0.05065281150426978 0.09848177683239284 -0.04782896532812306 
-0.05065281150426978 0.09848177683239284 -0.04782896532812306 
-0.05065281150426978 0.09848177683239284 -0.04782896532812306 
-0.05831570990510394 0.1107720133502202 -0.05245630344511627 
-0.05831570990510394 0.1107720133502202 -0.05245630344511627 
-0.05831570990510394 0.1107720133502202 -0.05245630344511627 
-0.05831570990510394 0.1107720133502202 -0.05245630344511627 
-0.09485003240992219 0.07561968584010059 0.01923034656982161 
-0.05831570990510394 0.1107720133502202 -0.05245630344511627 
-0.05831570990510394 0.1107720133502202 -0.05245630344511627 
-0.05831570990510394 0.1107720133502202 -0.05245630344511627 
-0.09485003240992219 0.07561968584010059 0.01923034656982161 
-0.05831570990510394 0.1107720133502202 -0.05245630344511627 
-0.05831570990510394 0.1107720133502202 -0.05245630344511627 
-0.05831570990510394 0.1107720133502202 -0.05245630344511627 
-0.05831570990510394 0.1107720133502202 -0.05245630344511627 
-0.05831570990510394 0.1107720133502202 -0.05245630344511627 
-0.05831570990510394 0.1107720133502202 -0.05245630344511627 
-0.05831570990510394 0.1107720133502202 -0.05245630344511627 
-0.05831570990510394 0.1107720133502202 -0.05245630344511627 
-0.05831570990510394 0.1107720133502202 -0.05245630344511627 
-0.05831570990510394 0.1107720133502202 -0.05245630344511627 
-0.05831570990510394 0.1107720133502202 -0.05245630344511627 
-0.05831570990510394 0.1107720133502202 -0.05245630344511627 
-0.05831570990510394 0.1107720133502202 -0.05245630344511627 
-0.05831570990510394 0.1107720133502202 -0.05245630344511627 
-0.05831570990510394 0.1107720133502202 -0.05245630344511627 
-0.05831570990510394 0.1107720133502202 -0.05245630344511627 
-0.05831570990510394 0.1107720133502202 -0.05245630344511627 
-0.05831570990510394 0.1107720133502202 -0.05245630344511627 
-0.05831570990510394 0.1107720133502202 -0.05245630344511627 
-0.05831570990510394 0.1107720133502202 -0.05245630344511627 
-0.05831570990510394 0.1107720133502202 -0.05245630344511627 
-0.05831570990510394 0.1107720133502202 -0.05245630344511627 
-0.05831570990510394 0.1107720133502202 -0.05245630344511627 
-0.05831570990510394 0.1107720133502202 -0.05245630344511627 
-0.05831570990510394 0.1107720133502202 -0.05245630344511627 
-0.05831570990510394 0.1107720133502202 -0.05245630344511627 
-0.05831570990510394 0.1107720133502202 -0.05245630344511627 
-0.05831570990510394 0.1107720133502202 -0.05245630344511627 
-0.05831570990510394 0.1107720133502202 -0.05245630344511627 
-0.1160056526142451 -0.08757474611137926 0.2035803987256243 
-0.1160056526142451 -0.08757474611137926 0.2035803987256243 
-0.1160056526142451 -0.08757474611137926 0.2035803987256243 
-0.1160056526142451 -0.08757474611137926 0.2035803987256243 
-0.1160056526142451 -0.08757474611137926 0.2035803987256243 
-0.1160056526142451 -0.08757474611137926 0.2035803987256243 
-0.1160056526142451 -0.08757474611137926 0.2035803987256243 
-0.1160056526142451 -0.08757474611137926 0.2035803987256243 
-0.1160056526142451 -0.08757474611137926 0.2035803987256243 
-0.03653432250481826 -0.03515232751011962 0.07168665001493789 
-0.03653432250481826 -0.03515232751011962 0.07168665001493789 
-0.03653432250481826 -0.03515232751011962 0.07168665001493789 
-0.03653432250481826 -0.03515232751011962 0.07168665001493789 
-0.03653432250481826 -0.03515232751011962 0.07168665001493789 
-0.03653432250481826 -0.03515232751011962 0.07168665001493789 
-0.03653432250481826 -0.03515232751011962 0.07168665001493789 
-0.03653432250481826 -0.03515232751011962 0.07168665001493789 
-0.03653432250481826 -0.03515232751011962 0.07168665001493789 
-0.03653432250481826 -0.03515232751011962 0.07168665001493789 
-0.03653432250481826 -0.03515232751011962 0.07168665001493789 
-0.03653432250481826 -0.03515232751011962 0.07168665001493789 
-0.03653432250481826 -0.03515232751011962 0.07168665001493789 
-0.03653432250481826 -0.03515232751011962 0.07168665001493789 
-0.03653432250481826 -0.03515232751011962 0.07168665001493789 
-0.03653432250481826 -0.03515232751011962 0.07168665001493789 
-0.03653432250481826 -0.03515232751011962 0.07168665001493789 
-0.03653432250481826 -0.03515232751011962 0.07168665001493789 
-0.03653432250481826 -0.03515232751011962 0.07168665001493789 
-0.03653432250481826 -0.03515232751011962 0.07168665001493789 
-0.03653432250481826 -0.03515232751011962 0.07168665001493789 
-0.03653432250481826 -0.03515232751011962 0.07168665001493789 
-0.03653432250481826 -0.03515232751011962 0.07168665001493789 
-0.03653432250481826 -0.03515232751011962 0.07168665001493789 
-0.03653432250481826 -0.03515232751011962 0.07168665001493789 
-0.03653432250481826 -0.03515232751011962 0.07168665001493789 
-0.03653432250481826 -0.03515232751011962 0.07168665001493789 
-0.03653432250481826 -0.03515232751011962 0.07168665001493789 
-0.03653432250481826 -0.03515232751011962 0.07168665001493789 
-0.03653432250481826 -0.03515232751011962 0.07168665001493789 
-0.03653432250481826 -0.03515232751011962 0.07168665001493789 
-0.03653432250481826 -0.03515232751011962 0.07168665001493789 
-0.03653432250481826 -0.03515232751011962 0.07168665001493789 
-0.03653432250481826 -0.03515232751011962 0.07168665001493789 
-0.03653432250481826 -0.03515232751011962 0.07168665001493789 
-0.03653432250481826 -0.03515232751011962 0.07168665001493789 
-0.03653432250481826 -0.03515232751011962 0.07168665001493789 
-0.03653432250481826 -0.03515232751011962 0.07168665001493789 
-0.03653432250481826 -0.03515232751011962 0.07168665001493789 
-0.03653432250481826 -0.03515232751011962 0.07168665001493789 
-0.03653432250481826 -0.03515232751011962 0.07168665001493789 
-0.03653432250481826 -0.03515232751011962 0.07168665001493789 
-0.03653432250481826 -0.03515232751011962 0.07168665001493789 
-0.03653432250481826 -0.03515232751011962 0.07168665001493789 
-0.03653432250481826 -0.03515232751011962 0.07168665001493789 
-0.03653432250481826 -0.03515232751011962 0.07168665001493789 
-0.03653432250481826 -0.03515232751011962 0.07168665001493789 
-0.03653432250481826 -0.03515232751011962 0.07168665001493789 
-0.03653432250481826 -0.03515232751011962 0.07168665001493789 
-0.03653432250481826 -0.03515232751011962 0.07168665001493789 
-0.03653432250481826 -0.03515232751011962 0.07168665001493789 
-0.03653432250481826 -0.03515232751011962 0.07168665001493789 
-0.03653432250481826 -0.03515232751011962 0.07168665001493789 
-0.03653432250481826 -0.03515232751011962 0.07168665001493789 
-0.03653432250481826 -0.03515232751011962 0.07168665001493789 
-0.03653432250481826 -0.03515232751011962 0.07168665001493789 
-0.03653432250481826 -0.03515232751011962 0.07168665001493789 
-0.03653432250481826 -0.03515232751011962 0.07168665001493789 
-0.03653432250481826 -0.03515232751011962 0.07168665001493789 
-0.03653432250481826 -0.03515232751011962 0.07168665001493789 
-0.03653432250481826 -0.03515232751011962 0.07168665001493789 
-0.03653432250481826 -0.03515232751011962 0.07168665001493789 
-0.03653432250481826 -0.03515232751011962 0.07168665001493789 
-0.03653432250481826 -0.03515232751011962 0.07168665001493789 
-0.03653432250481826 -0.03515232751011962 0.07168665001493789 
-0.03653432250481826 -0.03515232751011962 0.07168665001493789 
-0.03653432250481826 -0.03515232751011962 0.07168665001493789 
-0.03653432250481826 -0.03515232751011962 0.07168665001493789 
-0.03653432250481826 -0.03515232751011962 0.07168665001493789 
-0.03653432250481826 -0.03515232751011962 0.07168665001493789 
-0.03653432250481826 -0.03515232751011962 0.07168665001493789 
-0.03653432250481826 -0.03515232751011962 0.07168665001493789 
-0.03653432250481826 -0.03515232751011962 0.07168665001493789 
-0.03653432250481826 -0.03515232751011962 0.07168665001493789 
-0.03653432250481826 -0.03515232751011962 0.07168665001493789 
-0.03653432250481826 -0.03515232751011962 0.07168665001493789 
-0.03653432250481826 -0.03515232751011962 0.07168665001493789 
-0.03653432250481826 -0.03515232751011962 0.07168665001493789 
-0.03653432250481826 -0.03515232751011962 0.07168665001493789 
-0.03653432250481826 -0.03515232751011962 0.07168665001493789 
-0.03653432250481826 -0.03515232751011962 0.07168665001493789 
-0.03653432250481826 -0.03515232751011962 0.07168665001493789 
-0.03653432250481826 -0.03515232751011962 0.07168665001493789 
-0.03653432250481826 -0.03515232751011962 0.07168665001493789 
-0.03653432250481826 -0.03515232751011962 0.07168665001493789 
-0.03653432250481826 -0.03515232751011962 0.07168665001493789 
-0.03653432250481826 -0.03515232751011962 0.07168665001493789 
