solver_type MCSVM_CS
nr_class 3
label 0 1 2
nr_feature 503
bias -1
w
0.03875505641735637 0.03334129665191483 -0.07209635306927119 
0.07247074458570245 -0.03620901656344121 -0.03626172802226123 
0.03875505641735637 0.03334129665191483 -0.07209635306927119 
0.06143412838638054 -0.1529281705132305 0.09149404212684994 
-0.04015703867171152 0.04565313292541862 -0.005496094253707059 
0.008540345164986491 -0.09248320310284225 0.08394285793785576 
0.07247074458570245 -0.03620901656344121 -0.03626172802226123 
0.07247074458570245 -0.03620901656344121 -0.03626172802226123 
0.07247074458570245 -0.03620901656344121 -0.03626172802226123 
0.04427068203246637 -0.06076235537375279 0.01649167334128641 
0.04427068203246637 -0.06076235537375279 0.01649167334128641 
0.07247074458570245 -0.03620901656344121 -0.03626172802226123 
0.07247074458570245 -0.03620901656344121 -0.03626172802226123 
0.1253645278070965 -0.09665398397382947 -0.02871054383326706 
-0.02360479685727961 0.06826863484954027 -0.04466383799226064 
0.07247074458570245 -0.03620901656344121 -0.03626172802226123 
0.07247074458570245 -0.03620901656344121 -0.03626172802226123 
0.07247074458570245 -0.03620901656344121 -0.03626172802226123 
0.04427068203246637 -0.06076235537375279 0.01649167334128641 
0.07247074458570245 -0.03620901656344121 -0.03626172802226123 
0.07247074458570245 -0.03620901656344121 -0.03626172802226123 
0.07247074458570245 -0.03620901656344121 -0.03626172802226123 
0.07247074458570245 -0.03620901656344121 -0.03626172802226123 
0.07247074458570245 -0.03620901656344121 -0.03626172802226123 
0.07247074458570245 -0.03620901656344121 -0.03626172802226123 
0.07247074458570245 -0.03620901656344121 -0.03626172802226123 
0.07247074458570245 -0.03620901656344121 -0.03626172802226123 
0.07247074458570245 -0.03620901656344121 -0.03626172802226123 
0.03875505641735637 0.03334129665191483 -0.07209635306927119 
0.008540345164986491 -0.09248320310284225 0.08394285793785576 
0.07247074458570245 -0.03620901656344121 -0.03626172802226123 
0.07247074458570245 -0.03620901656344121 -0.03626172802226123 
0.07247074458570245 -0.03620901656344121 -0.03626172802226123 
0.07247074458570245 -0.03620901656344121 -0.03626172802226123 
0.07247074458570245 -0.03620901656344121 -0.03626172802226123 
0.07247074458570245 -0.03620901656344121 -0.03626172802226123 
0.07247074458570245 -0.03620901656344121 -0.03626172802226123 
0.004595265695956472 0.09282197365985183 -0.09741723935580829 
0.004595265695956472 0.09282197365985183 -0.09741723935580829 
0.07247074458570245 -0.03620901656344121 -0.03626172802226123 
0.03875505641735637 0.03334129665191483 -0.07209635306927119 
0.07247074458570245 -0.03620901656344121 -0.03626172802226123 
0.07247074458570245 -0.03620901656344121 -0.03626172802226123 
0.04427068203246637 -0.06076235537375279 0.01649167334128641 
0.07247074458570245 -0.03620901656344121 -0.03626172802226123 
0.008540345164986491 -0.09248320310284225 0.08394285793785576 
0.07247074458570245 -0.03620901656344121 -0.03626172802226123 
0.07247074458570245 -0.03620901656344121 -0.03626172802226123 
0.07247074458570245 -0.03620901656344121 -0.03626172802226123 
0.07247074458570245 -0.03620901656344121 -0.03626172802226123 
0.07247074458570245 -0.03620901656344121 -0.03626172802226123 
0.07247074458570245 -0.03620901656344121 -0.03626172802226123 
0.07247074458570245 -0.03620901656344121 -0.03626172802226123 
-0.04015703867171152 0.04565313292541862 -0.005496094253707059 
0.008540345164986491 -0.09248320310284225 0.08394285793785576 
0.07247074458570245 -0.03620901656344121 -0.03626172802226123 
0.07247074458570245 -0.03620901656344121 -0.03626172802226123 
0.07247074458570245 -0.03620901656344121 -0.03626172802226123 
0.07247074458570245 -0.03620901656344121 -0.03626172802226123 
0.07247074458570245 -0.03620901656344121 -0.03626172802226123 
0.07247074458570245 -0.03620901656344121 -0.03626172802226123 
0.07247074458570245 -0.03620901656344121 -0.03626172802226123 
0.07247074458570245 -0.03620901656344121 -0.03626172802226123 
0.1535645903603326 -0.0721006451635179 -0.08146394519681471 
0.07247074458570245 -0.03620901656344121 -0.03626172802226123 
0.07247074458570245 -0.03620901656344121 -0.03626172802226123 
0.07247074458570245 -0.03620901656344121 -0.03626172802226123 
0.07247074458570245 -0.03620901656344121 -0.03626172802226123 
0.07247074458570245 -0.03620901656344121 -0.03626172802226123 
0.07247074458570245 -0.03620901656344121 -0.03626172802226123 
0.07247074458570245 -0.03620901656344121 -0.03626172802226123 
0.07247074458570245 -0.03620901656344121 -0.03626172802226123 
0.07247074458570245 -0.03620901656344121 -0.03626172802226123 
0.07247074458570245 -0.03620901656344121 -0.03626172802226123 
0.07247074458570245 -0.03620901656344121 -0.03626172802226123 
0.07247074458570245 -0.03620901656344121 -0.03626172802226123 
0.07247074458570245 -0.03620901656344121 -0.03626172802226123 
0.07247074458570245 -0.03620901656344121 -0.03626172802226123 
0.07247074458570245 -0.03620901656344121 -0.03626172802226123 
0.07247074458570245 -0.03620901656344121 -0.03626172802226123 
0.07247074458570245 -0.03620901656344121 -0.03626172802226123 
0.07247074458570245 -0.03620901656344121 -0.03626172802226123 
0.07247074458570245 -0.03620901656344121 -0.03626172802226123 
0.07247074458570245 -0.03620901656344121 -0.03626172802226123 
0.07247074458570245 -0.03620901656344121 -0.03626172802226123 
0.07247074458570245 -0.03620901656344121 -0.03626172802226123 
0.07247074458570245 -0.03620901656344121 -0.03626172802226123 
0.07247074458570245 -0.03620901656344121 -0.03626172802226123 
0.07247074458570245 -0.03620901656344121 -0.03626172802226123 
0.07247074458570245 -0.03620901656344121 -0.03626172802226123 
0.07247074458570245 -0.03620901656344121 -0.03626172802226123 
0.07247074458570245 -0.03620901656344121 -0.03626172802226123 
0.07247074458570245 -0.03620901656344121 -0.03626172802226123 
0.07247074458570245 -0.03620901656344121 -0.03626172802226123 
0.004595265695956472 0.09282197365985183 -0.09741723935580829 
0.07247074458570245 -0.03620901656344121 -0.03626172802226123 
0.07247074458570245 -0.03620901656344121 -0.03626172802226123 
0.03875505641735637 0.03334129665191483 -0.07209635306927119 
0.07247074458570245 -0.03620901656344121 -0.03626172802226123 
0.07247074458570245 -0.03620901656344121 -0.03626172802226123 
0.07247074458570245 -0.03620901656344121 -0.03626172802226123 
0.07247074458570245 -0.03620901656344121 -0.03626172802226123 
0.07247074458570245 -0.03620901656344121 -0.03626172802226123 
0.07247074458570245 -0.03620901656344121 -0.03626172802226123 
0.07247074458570245 -0.03620901656344121 -0.03626172802226123 
0.07247074458570245 -0.03620901656344121 -0.03626172802226123 
0.07247074458570245 -0.03620901656344121 -0.03626172802226123 
0.07247074458570245 -0.03620901656344121 -0.03626172802226123 
0.07247074458570245 -0.03620901656344121 -0.03626172802226123 
0.05289378322139406 -0.06044496741038824 0.007551184188994176 
0.08109384577463014 -0.03589162860007667 -0.04520221717455346 
0.01917809505304797 0.009105345804967805 -0.02828344085801577 
0.08109384577463014 -0.03589162860007667 -0.04520221717455346 
0.08109384577463014 -0.03589162860007667 -0.04520221717455346 
0.08109384577463014 -0.03589162860007667 -0.04520221717455346 
0.08109384577463014 -0.03589162860007667 -0.04520221717455346 
0.08109384577463014 -0.03589162860007667 -0.04520221717455346 
0.08109384577463014 -0.03589162860007667 -0.04520221717455346 
0.08109384577463014 -0.03589162860007667 -0.04520221717455346 
0.08109384577463014 -0.03589162860007667 -0.04520221717455346 
0.08109384577463014 -0.03589162860007667 -0.04520221717455346 
0.08109384577463014 -0.03589162860007667 -0.04520221717455346 
0.08109384577463014 -0.03589162860007667 -0.04520221717455346 
0.08109384577463014 -0.03589162860007667 -0.04520221717455346 
0.08109384577463014 -0.03589162860007667 -0.04520221717455346 
0.08109384577463014 -0.03589162860007667 -0.04520221717455346 
0.08109384577463014 -0.03589162860007667 -0.04520221717455346 
0.08109384577463014 -0.03589162860007667 -0.04520221717455346 
0.08109384577463014 -0.03589162860007667 -0.04520221717455346 
0.01716344635391417 -0.09216581513947771 0.07500236878556353 
0.08109384577463014 -0.03589162860007667 -0.04520221717455346 
0.08109384577463014 -0.03589162860007667 -0.04520221717455346 
0.08109384577463014 -0.03589162860007667 -0.04520221717455346 
0.08109384577463014 -0.03589162860007667 -0.04520221717455346 
0.08109384577463014 -0.03589162860007667 -0.04520221717455346 
0.05289378322139406 -0.06044496741038824 0.007551184188994176 
0.08109384577463014 -0.03589162860007667 -0.04520221717455346 
0.08109384577463014 -0.03589162860007667 -0.04520221717455346 
0.01716344635391417 -0.09216581513947771 0.07500236878556353 
0.08109384577463014 -0.03589162860007667 -0.04520221717455346 
0.08109384577463014 -0.03589162860007667 -0.04520221717455346 
0.08109384577463014 -0.03589162860007667 -0.04520221717455346 
0.08109384577463014 -0.03589162860007667 -0.04520221717455346 
0.08109384577463014 -0.03589162860007667 -0.04520221717455346 
0.08109384577463014 -0.03589162860007667 -0.04520221717455346 
0.08109384577463014 -0.03589162860007667 -0.04520221717455346 
0.08109384577463014 -0.03589162860007667 -0.04520221717455346 
0.08109384577463014 -0.03589162860007667 -0.04520221717455346 
0.08109384577463014 -0.03589162860007667 -0.04520221717455346 
0.08109384577463014 -0.03589162860007667 -0.04520221717455346 
0.08109384577463014 -0.03589162860007667 -0.04520221717455346 
0.08109384577463014 -0.03589162860007667 -0.04520221717455346 
0.08109384577463014 -0.03589162860007667 -0.04520221717455346 
0.08109384577463014 -0.03589162860007667 -0.04520221717455346 
0.08109384577463014 -0.03589162860007667 -0.04520221717455346 
0.08109384577463014 -0.03589162860007667 -0.04520221717455346 
0.08109384577463014 -0.03589162860007667 -0.04520221717455346 
0.08109384577463014 -0.03589162860007667 -0.04520221717455346 
0.08109384577463014 -0.03589162860007667 -0.04520221717455346 
0.08109384577463014 -0.03589162860007667 -0.04520221717455346 
0.08109384577463014 -0.03589162860007667 -0.04520221717455346 
0.08109384577463014 -0.03589162860007667 -0.04520221717455346 
0.08109384577463014 -0.03589162860007667 -0.04520221717455346 
0.08109384577463014 -0.03589162860007667 -0.04520221717455346 
0.08109384577463014 -0.03589162860007667 -0.04520221717455346 
0.08109384577463014 -0.03589162860007667 -0.04520221717455346 
0.08109384577463014 -0.03589162860007667 -0.04520221717455346 
0.08109384577463014 -0.03589162860007667 -0.04520221717455346 
0.08109384577463014 -0.03589162860007667 -0.04520221717455346 
0.08109384577463014 -0.03589162860007667 -0.04520221717455346 
0.08109384577463014 -0.03589162860007667 -0.04520221717455346 
0.08109384577463014 -0.03589162860007667 -0.04520221717455346 
0.08109384577463014 -0.03589162860007667 -0.04520221717455346 
0.08109384577463014 -0.03589162860007667 -0.04520221717455346 
0.08109384577463014 -0.03589162860007667 -0.04520221717455346 
0.08109384577463014 -0.03589162860007667 -0.04520221717455346 
0.08109384577463014 -0.03589162860007667 -0.04520221717455346 
0.08109384577463014 -0.03589162860007667 -0.04520221717455346 
0.08109384577463014 -0.03589162860007667 -0.04520221717455346 
0.08109384577463014 -0.03589162860007667 -0.04520221717455346 
0.08109384577463014 -0.03589162860007667 -0.04520221717455346 
-0.03371568816834608 0.06955031321535604 -0.03583462504700995 
-0.03371568816834608 0.06955031321535604 -0.03583462504700995 
-0.03371568816834608 0.06955031321535604 -0.03583462504700995 
-0.03371568816834608 0.06955031321535604 -0.03583462504700995 
-0.03371568816834608 0.06955031321535604 -0.03583462504700995 
-0.03371568816834608 0.06955031321535604 -0.03583462504700995 
-0.09764608758906204 0.013276126675955 0.08436996091310706 
-0.03371568816834608 0.06955031321535604 -0.03583462504700995 
-0.03371568816834608 0.06955031321535604 -0.03583462504700995 
-0.03371568816834608 0.06955031321535604 -0.03583462504700995 
-0.03371568816834608 0.06955031321535604 -0.03583462504700995 
-0.03371568816834608 0.06955031321535604 -0.03583462504700995 
-0.09764608758906204 0.013276126675955 0.08436996091310706 
-0.03371568816834608 0.06955031321535604 -0.03583462504700995 
-0.03371568816834608 0.06955031321535604 -0.03583462504700995 
-0.03371568816834608 0.06955031321535604 -0.03583462504700995 
-0.03371568816834608 0.06955031321535604 -0.03583462504700995 
-0.09764608758906204 0.013276126675955 0.08436996091310706 
-0.03371568816834608 0.06955031321535604 -0.03583462504700995 
-0.03371568816834608 0.06955031321535604 -0.03583462504700995 
-0.03371568816834608 0.06955031321535604 -0.03583462504700995 
-0.03371568816834608 0.06955031321535604 -0.03583462504700995 
-0.03371568816834608 0.06955031321535604 -0.03583462504700995 
-0.03371568816834608 0.06955031321535604 -0.03583462504700995 
-0.03371568816834608 0.06955031321535604 -0.03583462504700995 
-0.03371568816834608 0.06955031321535604 -0.03583462504700995 
-0.03371568816834608 0.06955031321535604 -0.03583462504700995 
-0.03371568816834608 0.06955031321535604 -0.03583462504700995 
-0.03371568816834608 0.06955031321535604 -0.03583462504700995 
-0.03371568816834608 0.06955031321535604 -0.03583462504700995 
-0.03371568816834608 0.06955031321535604 -0.03583462504700995 
-0.03371568816834608 0.06955031321535604 -0.03583462504700995 
-0.03371568816834608 0.06955031321535604 -0.03583462504700995 
-0.03371568816834608 0.06955031321535604 -0.03583462504700995 
-0.03371568816834608 0.06955031321535604 -0.03583462504700995 
-0.03371568816834608 0.06955031321535604 -0.03583462504700995 
-0.03371568816834608 0.06955031321535604 -0.03583462504700995 
-0.03371568816834608 0.06955031321535604 -0.03583462504700995 
-0.03371568816834608 0.06955031321535604 -0.03583462504700995 
-0.03371568816834608 0.06955031321535604 -0.03583462504700995 
-0.03371568816834608 0.06955031321535604 -0.03583462504700995 
-0.03371568816834608 0.06955031321535604 -0.03583462504700995 
-0.03371568816834608 0.06955031321535604 -0.03583462504700995 
-0.03371568816834608 0.06955031321535604 -0.03583462504700995 
-0.03371568816834608 0.06955031321535604 -0.03583462504700995 
-0.03371568816834608 0.06955031321535604 -0.03583462504700995 
-0.03371568816834608 0.06955031321535604 -0.03583462504700995 
-0.03371568816834608 0.06955031321535604 -0.03583462504700995 
-0.03371568816834608 0.06955031321535604 -0.03583462504700995 
-0.03371568816834608 0.06955031321535604 -0.03583462504700995 
-0.03371568816834608 0.06955031321535604 -0.03583462504700995 
-0.03371568816834608 0.06955031321535604 -0.03583462504700995 
-0.03371568816834608 0.06955031321535604 -0.03583462504700995 
-0.03371568816834608 0.06955031321535604 -0.03583462504700995 
-0.03371568816834608 0.06955031321535604 -0.03583462504700995 
-0.03371568816834608 0.06955031321535604 -0.03583462504700995 
-0.03371568816834608 0.06955031321535604 -0.03583462504700995 
-0.03371568816834608 0.06955031321535604 -0.03583462504700995 
-0.03371568816834608 0.06955031321535604 -0.03583462504700995 
-0.03371568816834608 0.06955031321535604 -0.03583462504700995 
-0.03371568816834608 0.06955031321535604 -0.03583462504700995 
-0.03371568816834608 0.06955031321535604 -0.03583462504700995 
-0.03371568816834608 0.06955031321535604 -0.03583462504700995 
-0.09764608758906204 0.013276126675955 0.08436996091310706 
-0.03371568816834608 0.06955031321535604 -0.03583462504700995 
-0.03371568816834608 0.06955031321535604 -0.03583462504700995 
-0.03371568816834608 0.06955031321535604 -0.03583462504700995 
-0.03371568816834608 0.06955031321535604 -0.03583462504700995 
-0.03371568816834608 0.06955031321535604 -0.03583462504700995 
-0.03371568816834608 0.06955031321535604 -0.03583462504700995 
-0.03371568816834608 0.06955031321535604 -0.03583462504700995 
-0.03371568816834608 0.06955031321535604 -0.03583462504700995 
-0.03371568816834608 0.06955031321535604 -0.03583462504700995 
-0.03371568816834608 0.06955031321535604 -0.03583462504700995 
-0.03371568816834608 0.06955031321535604 -0.03583462504700995 
-0.03371568816834608 0.06955031321535604 -0.03583462504700995 
-0.03371568816834608 0.06955031321535604 -0.03583462504700995 
-0.03371568816834608 0.06955031321535604 -0.03583462504700995 
-0.03371568816834608 0.06955031321535604 -0.03583462504700995 
-0.03371568816834608 0.06955031321535604 -0.03583462504700995 
-0.03371568816834608 0.06955031321535604 -0.03583462504700995 
-0.03371568816834608 0.06955031321535604 -0.03583462504700995 
-0.03371568816834608 0.06955031321535604 -0.03583462504700995 
-0.03371568816834608 0.06955031321535604 -0.03583462504700995 
-0.03371568816834608 0.06955031321535604 -0.03583462504700995 
-0.03371568816834608 0.06955031321535604 -0.03583462504700995 
-0.03371568816834608 0.06955031321535604 -0.03583462504700995 
-0.03371568816834608 0.06955031321535604 -0.03583462504700995 
-0.03371568816834608 0.06955031321535604 -0.03583462504700995 
-0.03371568816834608 0.06955031321535604 -0.03583462504700995 
-0.03371568816834608 0.06955031321535604 -0.03583462504700995 
-0.03371568816834608 0.06955031321535604 -0.03583462504700995 
-0.03371568816834608 0.06955031321535604 -0.03583462504700995 
-0.03371568816834608 0.06955031321535604 -0.03583462504700995 
-0.03371568816834608 0.06955031321535604 -0.03583462504700995 
-0.03371568816834608 0.06955031321535604 -0.03583462504700995 
-0.03371568816834608 0.06955031321535604 -0.03583462504700995 
-0.03371568816834608 0.06955031321535604 -0.03583462504700995 
-0.06787547888974599 0.1290309902232931 -0.06115551133354705 
-0.06787547888974599 0.1290309902232931 -0.06115551133354705 
-0.06787547888974599 0.1290309902232931 -0.06115551133354705 
-0.06787547888974599 0.1290309902232931 -0.06115551133354705 
-0.06787547888974599 0.1290309902232931 -0.06115551133354705 
-0.06787547888974599 0.1290309902232931 -0.06115551133354705 
-0.06787547888974599 0.1290309902232931 -0.06115551133354705 
-0.06787547888974599 0.1290309902232931 -0.06115551133354705 
-0.06787547888974599 0.1290309902232931 -0.06115551133354705 
-0.09607554144298207 0.1044776514129815 -0.00840210996999941 
-0.06787547888974599 0.1290309902232931 -0.06115551133354705 
-0.06787547888974599 0.1290309902232931 -0.06115551133354705 
-0.06787547888974599 0.1290309902232931 -0.06115551133354705 
-0.06787547888974599 0.1290309902232931 -0.06115551133354705 
-0.06787547888974599 0.1290309902232931 -0.06115551133354705 
-0.06787547888974599 0.1290309902232931 -0.06115551133354705 
-0.06787547888974599 0.1290309902232931 -0.06115551133354705 
-0.06787547888974599 0.1290309902232931 -0.06115551133354705 
-0.06787547888974599 0.1290309902232931 -0.06115551133354705 
-0.06787547888974599 0.1290309902232931 -0.06115551133354705 
-0.06787547888974599 0.1290309902232931 -0.06115551133354705 
-0.06787547888974599 0.1290309902232931 -0.06115551133354705 
-0.06787547888974599 0.1290309902232931 -0.06115551133354705 
-0.06787547888974599 0.1290309902232931 -0.06115551133354705 
-0.06787547888974599 0.1290309902232931 -0.06115551133354705 
-0.06787547888974599 0.1290309902232931 -0.06115551133354705 
-0.06393039942071596 -0.05627418653940105 0.120204585960117 
-0.06393039942071596 -0.05627418653940105 0.120204585960117 
-0.06393039942071596 -0.05627418653940105 0.120204585960117 
-0.06393039942071596 -0.05627418653940105 0.120204585960117 
-0.06393039942071596 -0.05627418653940105 0.120204585960117 
-0.06393039942071596 -0.05627418653940105 0.120204585960117 
-0.06393039942071596 -0.05627418653940105 0.120204585960117 
-0.06393039942071596 -0.05627418653940105 0.120204585960117 
-0.06393039942071596 -0.05627418653940105 0.120204585960117 
-0.06393039942071596 -0.05627418653940105 0.120204585960117 
-0.06393039942071596 -0.05627418653940105 0.120204585960117 
-0.06393039942071596 -0.05627418653940105 0.120204585960117 
-0.06393039942071596 -0.05627418653940105 0.120204585960117 
-0.06393039942071596 -0.05627418653940105 0.120204585960117 
-0.06393039942071596 -0.05627418653940105 0.120204585960117 
-0.06393039942071596 -0.05627418653940105 0.120204585960117 
-0.06393039942071596 -0.05627418653940105 0.120204585960117 
-0.06393039942071596 -0.05627418653940105 0.120204585960117 
-0.06393039942071596 -0.05627418653940105 0.120204585960117 
-0.06393039942071596 -0.05627418653940105 0.120204585960117 
-0.06393039942071596 -0.05627418653940105 0.120204585960117 
-0.06393039942071596 -0.05627418653940105 0.120204585960117 
-0.06393039942071596 -0.05627418653940105 0.120204585960117 
-0.06393039942071596 -0.05627418653940105 0.120204585960117 
-0.06393039942071596 -0.05627418653940105 0.120204585960117 
-0.06393039942071596 -0.05627418653940105 0.120204585960117 
-0.06393039942071596 -0.05627418653940105 0.120204585960117 
-0.06393039942071596 -0.05627418653940105 0.120204585960117 
-0.02820006255323608 -0.02455333881031157 0.05275340136354765 
-0.02820006255323608 -0.02455333881031157 0.05275340136354765 
-0.02820006255323608 -0.02455333881031157 0.05275340136354765 
-0.02820006255323608 -0.02455333881031157 0.05275340136354765 
-0.02820006255323608 -0.02455333881031157 0.05275340136354765 
-0.02820006255323608 -0.02455333881031157 0.05275340136354765 
-0.02820006255323608 -0.02455333881031157 0.05275340136354765 
-0.02820006255323608 -0.02455333881031157 0.05275340136354765 
-0.02820006255323608 -0.02455333881031157 0.05275340136354765 
-0.02820006255323608 -0.02455333881031157 0.05275340136354765 
-0.02820006255323608 -0.02455333881031157 0.05275340136354765 
-0.02820006255323608 -0.02455333881031157 0.05275340136354765 
-0.02820006255323608 -0.02455333881031157 0.05275340136354765 
-0.02820006255323608 -0.02455333881031157 0.05275340136354765 
-0.02820006255323608 -0.02455333881031157 0.05275340136354765 
-0.02820006255323608 -0.02455333881031157 0.05275340136354765 
-0.02820006255323608 -0.02455333881031157 0.05275340136354765 
-0.02820006255323608 -0.02455333881031157 0.05275340136354765 
-0.02820006255323608 -0.02455333881031157 0.05275340136354765 
-0.02820006255323608 -0.02455333881031157 0.05275340136354765 
-0.02820006255323608 -0.02455333881031157 0.05275340136354765 
-0.02820006255323608 -0.02455333881031157 0.05275340136354765 
-0.02820006255323608 -0.02455333881031157 0.05275340136354765 
-0.02820006255323608 -0.02455333881031157 0.05275340136354765 
-0.02820006255323608 -0.02455333881031157 0.05275340136354765 
-0.02820006255323608 -0.02455333881031157 0.05275340136354765 
-0.02820006255323608 -0.02455333881031157 0.05275340136354765 
-0.02820006255323608 -0.02455333881031157 0.05275340136354765 
-0.02820006255323608 -0.02455333881031157 0.05275340136354765 
-0.02820006255323608 -0.02455333881031157 0.05275340136354765 
-0.02820006255323608 -0.02455333881031157 0.05275340136354765 
-0.02820006255323608 -0.02455333881031157 0.05275340136354765 
-0.02820006255323608 -0.02455333881031157 0.05275340136354765 
-0.02820006255323608 -0.02455333881031157 0.05275340136354765 
-0.02820006255323608 -0.02455333881031157 0.05275340136354765 
-0.02820006255323608 -0.02455333881031157 0.05275340136354765 
-0.02820006255323608 -0.02455333881031157 0.05275340136354765 
-0.02820006255323608 -0.02455333881031157 0.05275340136354765 
-0.02820006255323608 -0.02455333881031157 0.05275340136354765 
-0.02820006255323608 -0.02455333881031157 0.05275340136354765 
-0.02820006255323608 -0.02455333881031157 0.05275340136354765 
-0.02820006255323608 -0.02455333881031157 0.05275340136354765 
-0.02820006255323608 -0.02455333881031157 0.05275340136354765 
-0.02820006255323608 -0.02455333881031157 0.05275340136354765 
-0.02820006255323608 -0.02455333881031157 0.05275340136354765 
-0.02820006255323608 -0.02455333881031157 0.05275340136354765 
-0.02820006255323608 -0.02455333881031157 0.05275340136354765 
-0.02820006255323608 -0.02455333881031157 0.05275340136354765 
-0.02820006255323608 -0.02455333881031157 0.05275340136354765 
-0.02820006255323608 -0.02455333881031157 0.05275340136354765 
-0.02820006255323608 -0.02455333881031157 0.05275340136354765 
-0.02820006255323608 -0.02455333881031157 0.05275340136354765 
-0.02820006255323608 -0.02455333881031157 0.05275340136354765 
-0.02820006255323608 -0.02455333881031157 0.05275340136354765 
-0.02820006255323608 -0.02455333881031157 0.05275340136354765 
-0.02820006255323608 -0.02455333881031157 0.05275340136354765 
-0.02820006255323608 -0.02455333881031157 0.05275340136354765 
-0.02820006255323608 -0.02455333881031157 0.05275340136354765 
-0.02820006255323608 -0.02455333881031157 0.05275340136354765 
-0.02820006255323608 -0.02455333881031157 0.05275340136354765 
-0.02820006255323608 -0.02455333881031157 0.05275340136354765 
-0.02820006255323608 -0.02455333881031157 0.05275340136354765 
-0.02820006255323608 -0.02455333881031157 0.05275340136354765 
-0.02820006255323608 -0.02455333881031157 0.05275340136354765 
-0.02820006255323608 -0.02455333881031157 0.05275340136354765 
-0.02820006255323608 -0.02455333881031157 0.05275340136354765 
-0.02820006255323608 -0.02455333881031157 0.05275340136354765 
-0.02820006255323608 -0.02455333881031157 0.05275340136354765 
-0.02820006255323608 -0.02455333881031157 0.05275340136354765 
-0.02820006255323608 -0.02455333881031157 0.05275340136354765 
-0.02820006255323608 -0.02455333881031157 0.05275340136354765 
-0.02820006255323608 -0.02455333881031157 0.05275340136354765 
-0.02820006255323608 -0.02455333881031157 0.05275340136354765 
-0.02820006255323608 -0.02455333881031157 0.05275340136354765 
-0.02820006255323608 -0.02455333881031157 0.05275340136354765 
-0.02820006255323608 -0.02455333881031157 0.05275340136354765 
-0.02820006255323608 -0.02455333881031157 0.05275340136354765 
-0.02820006255323608 -0.02455333881031157 0.05275340136354765 
-0.02820006255323608 -0.02455333881031157 0.05275340136354765 
-0.02820006255323608 -0.02455333881031157 0.05275340136354765 
-0.02820006255323608 -0.02455333881031157 0.05275340136354765 
-0.02820006255323608 -0.02455333881031157 0.05275340136354765 
-0.02820006255323608 -0.02455333881031157 0.05275340136354765 
-0.02820006255323608 -0.02455333881031157 0.05275340136354765 
-0.02820006255323608 -0.02455333881031157 0.05275340136354765 
-0.02820006255323608 -0.02455333881031157 0.05275340136354765 
-0.02820006255323608 -0.02455333881031157 0.05275340136354765 
-0.02820006255323608 -0.02455333881031157 0.05275340136354765 
-0.02820006255323608 -0.02455333881031157 0.05275340136354765 
-0.02820006255323608 -0.02455333881031157 0.05275340136354765 
-0.02820006255323608 -0.02455333881031157 0.05275340136354765 
-0.02820006255323608 -0.02455333881031157 0.05275340136354765 
-0.02820006255323608 -0.02455333881031157 0.05275340136354765 
-0.02820006255323608 -0.02455333881031157 0.05275340136354765 
-0.02820006255323608 -0.02455333881031157 0.05275340136354765 
-0.02820006255323608 -0.02455333881031157 0.05275340136354765 
-0.02820006255323608 -0.02455333881031157 0.05275340136354765 
-0.02820006255323608 -0.02455333881031157 0.05275340136354765 
-0.02820006255323608 -0.02455333881031157 0.05275340136354765 
-0.02820006255323608 -0.02455333881031157 0.05275340136354765 
-0.02820006255323608 -0.02455333881031157 0.05275340136354765 
-0.02820006255323608 -0.02455333881031157 0.05275340136354765 
-0.02820006255323608 -0.02455333881031157 0.05275340136354765 
-0.02820006255323608 -0.02455333881031157 0.05275340136354765 
-0.02820006255323608 -0.02455333881031157 0.05275340136354765 
-0.02820006255323608 -0.02455333881031157 0.05275340136354765 
-0.02820006255323608 -0.02455333881031157 0.05275340136354765 
-0.02820006255323608 -0.02455333881031157 0.05275340136354765 
-0.02820006255323608 -0.02455333881031157 0.05275340136354765 
-0.02820006255323608 -0.02455333881031157 0.05275340136354765 
-0.02820006255323608 -0.02455333881031157 0.05275340136354765 
-0.02820006255323608 -0.02455333881031157 0.05275340136354765 
-0.02820006255323608 -0.02455333881031157 0.05275340136354765 
-0.02820006255323608 -0.02455333881031157 0.05275340136354765 
-0.02820006255323608 -0.02455333881031157 0.05275340136354765 
-0.02820006255323608 -0.02455333881031157 0.05275340136354765 
-0.02820006255323608 -0.02455333881031157 0.05275340136354765 
-0.02820006255323608 -0.02455333881031157 0.05275340136354765 
-0.02820006255323608 -0.02455333881031157 0.05275340136354765 
-0.02820006255323608 -0.02455333881031157 0.05275340136354765 
-0.02820006255323608 -0.02455333881031157 0.05275340136354765 
-0.02820006255323608 -0.02455333881031157 0.05275340136354765 
-0.02820006255323608 -0.02455333881031157 0.05275340136354765 
-0.02820006255323608 -0.02455333881031157 0.05275340136354765 
-0.02820006255323608 -0.02455333881031157 0.05275340136354765 
-0.02820006255323608 -0.02455333881031157 0.05275340136354765 
-0.02820006255323608 -0.02455333881031157 0.05275340136354765 
-0.02820006255323608 -0.02455333881031157 0.05275340136354765 
-0.02820006255323608 -0.02455333881031157 0.05275340136354765 
-0.02820006255323608 -0.02455333881031157 0.05275340136354765 
-0.02820006255323608 -0.02455333881031157 0.05275340136354765 
-0.02820006255323608 -0.02455333881031157 0.05275340136354765 
-0.02820006255323608 -0.02455333881031157 0.05275340136354765 
-0.02820006255323608 -0.02455333881031157 0.05275340136354765 
-0.02820006255323608 -0.02455333881031157 0.05275340136354765 
-0.02820006255323608 -0.02455333881031157 0.05275340136354765 
-0.02820006255323608 -0.02455333881031157 0.05275340136354765 
-0.02820006255323608 -0.02455333881031157 0.05275340136354765 
-0.02820006255323608 -0.02455333881031157 0.05275340136354765 
-0.02820006255323608 -0.02455333881031157 0.05275340136354765 
-0.02820006255323608 -0.02455333881031157 0.05275340136354765 
-0.02820006255323608 -0.02455333881031157 0.05275340136354765 
-0.02820006255323608 -0.02455333881031157 0.05275340136354765 
-0.02820006255323608 -0.02455333881031157 0.05275340136354765 
-0.02820006255323608 -0.02455333881031157 0.05275340136354765 
-0.02820006255323608 -0.02455333881031157 0.05275340136354765 
-0.02820006255323608 -0.02455333881031157 0.05275340136354765 
-0.02820006255323608 -0.02455333881031157 0.05275340136354765 
-0.02820006255323608 -0.02455333881031157 0.05275340136354765 
-0.02820006255323608 -0.02455333881031157 0.05275340136354765 
-0.02820006255323608 -0.02455333881031157 0.05275340136354765 
-0.02820006255323608 -0.02455333881031157 0.05275340136354765 
-0.02820006255323608 -0.02455333881031157 0.05275340136354765 
-0.02820006255323608 -0.02455333881031157 0.05275340136354765 
-0.02820006255323608 -0.02455333881031157 0.05275340136354765 
-0.02820006255323608 -0.02455333881031157 0.05275340136354765 
-0.02820006255323608 -0.02455333881031157 0.05275340136354765 
-0.02820006255323608 -0.02455333881031157 0.05275340136354765 
-0.02820006255323608 -0.02455333881031157 0.05275340136354765 
-0.02820006255323608 -0.02455333881031157 0.05275340136354765 
-0.02820006255323608 -0.02455333881031157 0.05275340136354765 
-0.02820006255323608 -0.02455333881031157 0.05275340136354765 
-0.02820006255323608 -0.02455333881031157 0.05275340136354765 
-0.02820006255323608 -0.02455333881031157 0.05275340136354765 
-0.02820006255323608 -0.02455333881031157 0.05275340136354765 
-0.02820006255323608 -0.02455333881031157 0.05275340136354765 
-0.02820006255323608 -0.02455333881031157 0.05275340136354765 
-0.02820006255323608 -0.02455333881031157 0.05275340136354765 
-0.02820006255323608 -0.02455333881031157 0.05275340136354765 
-0.02820006255323608 -0.02455333881031157 0.05275340136354765 
