solver_type MCSVM_CS
nr_class 3
label 0 1 2
nr_feature 1312
bias -1
w
0.1097756954742757 -0.04929833006802081 -0.06047736540625483 
0.1097756954742757 -0.04929833006802081 -0.06047736540625483 
0.1417547995570098 -0.02821298437019552 -0.1135418151868144 
0.3431733186755312 -0.1515601375235128 -0.1916131811520185 
0.1190277902856102 -0.1756216787335948 0.05659388844798462 
0.1654965937378051 -0.07145902951719633 -0.09403756422060879 
0.1654965937378051 -0.07145902951719633 -0.09403756422060879 
0.2626758325274818 -0.1191727239653689 -0.1435031085621129 
0.06861007442780984 0.01411123740447111 -0.08272131183228092 
0.08884543228319977 -0.04717975448476435 -0.04166567779843538 
0.08884543228319977 -0.04717975448476435 -0.04166567779843538 
0.01313457727342319 -0.09346478741130151 0.08033021013787833 
0.08884543228319977 -0.04717975448476435 -0.04166567779843538 
0.1683483072386043 -0.07187873976543235 -0.0964695674731719 
0.0974657366504645 -0.02107145595249859 -0.0763942806979659 
0.1097756954742757 -0.04929833006802081 -0.06047736540625483 
0.04310259626919857 -0.02008195945773382 -0.02302063681146473 
0.1619901574123998 -0.08950397625943099 -0.07248618115296883 
0.04310259626919857 -0.02008195945773382 -0.02302063681146473 
0.1654965937378051 -0.07145902951719633 -0.09403756422060879 
0.1654965937378051 -0.07145902951719633 -0.09403756422060879 
0.1654965937378051 -0.07145902951719633 -0.09403756422060879 
0.04310259626919857 -0.02008195945773382 -0.02302063681146473 
0.08884543228319977 -0.04717975448476435 -0.04166567779843538 
0.08884543228319977 -0.04717975448476435 -0.04166567779843538 
0.08884543228319977 -0.04717975448476435 -0.04166567779843538 
0.08884543228319977 -0.04717975448476435 -0.04166567779843538 
0.04310259626919857 -0.02008195945773382 -0.02302063681146473 
0.1683483072386043 -0.07187873976543235 -0.0964695674731719 
0.125491691460503 -0.09588019081078623 -0.02961150064971678 
0.1469419919049742 -0.04160461691652174 -0.1053373749884524 
0.1118287658667748 -0.03949151229963412 -0.07233725356714066 
0.2520429008824428 0.003561609822170267 -0.2556045107046129 
0.0457428360140012 -0.02709779502703054 -0.01864504098697065 
0.0457428360140012 -0.02709779502703054 -0.01864504098697065 
0.0457428360140012 -0.02709779502703054 -0.01864504098697065 
0.1416010571791555 -0.132085855667748 -0.009515201511407511 
0.1709885469834069 -0.07889457533472907 -0.0920939716486778 
0.1709885469834069 -0.07889457533472907 -0.0920939716486778 
0.2643565885500407 -0.1506093032539297 -0.113747285296111 
0.2643565885500407 -0.1506093032539297 -0.113747285296111 
0.1469419919049742 -0.04160461691652174 -0.1053373749884524 
0.1469419919049742 -0.04160461691652174 -0.1053373749884524 
0.1671773497603641 -0.1028956088057572 -0.0642817409546069 
0.0457428360140012 -0.02709779502703054 -0.01864504098697065 
0.0457428360140012 -0.02709779502703054 -0.01864504098697065 
0.0457428360140012 -0.02709779502703054 -0.01864504098697065 
0.0457428360140012 -0.02709779502703054 -0.01864504098697065 
0.1709885469834069 -0.07889457533472907 -0.0920939716486778 
0.1709885469834069 -0.07889457533472907 -0.0920939716486778 
0.0457428360140012 -0.02709779502703054 -0.01864504098697065 
0.2643565885500407 -0.1506093032539297 -0.113747285296111 
0.0457428360140012 -0.02709779502703054 -0.01864504098697065 
0.08552970805780255 -0.05050498271557557 -0.035024725342227 
0.08552970805780255 -0.05050498271557557 -0.035024725342227 
0.08552970805780255 -0.05050498271557557 -0.035024725342227 
0.06382138570427795 -0.02879666036205096 -0.035024725342227 
0.06382138570427795 -0.02879666036205096 -0.035024725342227 
0.03027499937394127 0.1043792307763955 -0.1346542301503367 
0.196717147957682 -0.04945934857089258 -0.1472577993867894 
0.1761343179127313 -0.1936845024083492 0.01755018449561779 
0.06382138570427795 -0.02879666036205096 -0.035024725342227 
0.08552970805780255 -0.05050498271557557 -0.035024725342227 
0.08552970805780255 -0.05050498271557557 -0.035024725342227 
0.08552970805780255 -0.05050498271557557 -0.035024725342227 
0.08552970805780255 -0.05050498271557557 -0.035024725342227 
0.06382138570427795 -0.02879666036205096 -0.035024725342227 
0.06382138570427795 -0.02879666036205096 -0.035024725342227 
0.06382138570427795 -0.02879666036205096 -0.035024725342227 
0.06382138570427795 -0.02879666036205096 -0.035024725342227 
0.06382138570427795 -0.02879666036205096 -0.035024725342227 
0.2169525058130719 -0.110750340460128 -0.1062021653529439 
0.2169525058130719 -0.110750340460128 -0.1062021653529439 
0.06382138570427795 -0.02879666036205096 -0.035024725342227 
0.06382138570427795 -0.02879666036205096 -0.035024725342227 
0.08552970805780255 -0.05050498271557557 -0.035024725342227 
0.1861842122965552 -0.1068268009129922 -0.079357411383563 
0.1861842122965552 -0.1068268009129922 -0.079357411383563 
0.0692691972461754 -0.1117784409188406 0.04250924367266523 
0.05614941525912732 -0.04290795085623884 -0.0132414644028885 
0.1861842122965552 -0.1068268009129922 -0.079357411383563 
0.09972619139283831 -0.05408949142520206 -0.04563669996763624 
0.09972619139283831 -0.05408949142520206 -0.04563669996763624 
0.09972619139283831 -0.05408949142520206 -0.04563669996763624 
0.09972619139283831 -0.05408949142520206 -0.04563669996763624 
0.1188875611432012 -0.06942201680169717 -0.04946554434150408 
0.02170832235352461 -0.02170832235352461 0 
0.02170832235352461 -0.02170832235352461 0 
0.02170832235352461 -0.02170832235352461 0 
0.1188875611432012 -0.06942201680169717 -0.04946554434150408 
0.02170832235352461 -0.02170832235352461 0 
0.01828078459971945 -0.1134987140364627 0.09521792943674326 
0.0585726117643286 -0.02258040969741155 -0.03599220206691706 
0.1450306326680455 -0.07531771918520164 -0.06971291348284382 
0.0585726117643286 -0.02258040969741155 -0.03599220206691706 
0.0585726117643286 -0.02258040969741155 -0.03599220206691706 
0.0585726117643286 -0.02258040969741155 -0.03599220206691706 
0.0585726117643286 -0.02258040969741155 -0.03599220206691706 
0.0585726117643286 -0.02258040969741155 -0.03599220206691706 
0.1450306326680455 -0.07531771918520164 -0.06971291348284382 
0.06667309920507709 -0.02921637061028699 -0.03745672859479011 
0.06667309920507709 -0.02921637061028699 -0.03745672859479011 
0.06667309920507709 -0.02921637061028699 -0.03745672859479011 
0.06667309920507709 -0.02921637061028699 -0.03745672859479011 
0.06667309920507709 -0.02921637061028699 -0.03745672859479011 
0.0662226630483269 0.008553682401445375 -0.07477634544977228 
0.08645802090371685 -0.05273730948779008 -0.03372071141592677 
0.08645802090371685 -0.05273730948779008 -0.03372071141592677 
0.08645802090371685 -0.05273730948779008 -0.03372071141592677 
0.08645802090371685 -0.05273730948779008 -0.03372071141592677 
0.08645802090371685 -0.05273730948779008 -0.03372071141592677 
0.08645802090371685 -0.05273730948779008 -0.03372071141592677 
0.08645802090371685 -0.05273730948779008 -0.03372071141592677 
0.09717923878967663 -0.04771369444817255 -0.04946554434150408 
0.09717923878967663 -0.04771369444817255 -0.04946554434150408 
0.09717923878967663 -0.04771369444817255 -0.04946554434150408 
0.09717923878967663 -0.04771369444817255 -0.04946554434150408 
0.09717923878967663 -0.04771369444817255 -0.04946554434150408 
0.09717923878967663 -0.04771369444817255 -0.04946554434150408 
0.09717923878967663 -0.04771369444817255 -0.04946554434150408 
0.09717923878967663 -0.04771369444817255 -0.04946554434150408 
0.09717923878967663 -0.04771369444817255 -0.04946554434150408 
0.09717923878967663 -0.04771369444817255 -0.04946554434150408 
-0.1346201772886673 0.2391940445081791 -0.1045738672195119 
-0.1092120264924044 0.1652546528575504 -0.05604262636514594 
-0.01311978198704809 0.06887049006260182 -0.05575070807555373 
-0.09976000514106829 0.03138410753694584 0.06837589760412245 
-0.0311665891801427 0.1225209661521114 -0.09135437697196863 
-0.3338348342186431 0.1711599612746924 0.1626748729439506 
-0.01311978198704809 0.06887049006260182 -0.05575070807555373 
-0.1825440026153554 -0.04300917011226756 0.225553172727623 
-0.24945162833967 0.02784853935877584 0.2216030889808941 
-0.09550767490961874 -0.04289636995513117 0.1384040448647499 
-0.05594376068212548 0.04423678539882065 0.01170697528330482 
-0.01311978198704809 0.06887049006260182 -0.05575070807555373 
-0.02956852993689923 0.1457291583784762 -0.116160628441577 
-0.09890315143238963 -0.07438738032721508 0.1732905317596047 
-0.01311978198704809 0.06887049006260182 -0.05575070807555373 
-0.05594376068212548 0.04423678539882065 0.01170697528330482 
-0.01311978198704809 0.06887049006260182 -0.05575070807555373 
-0.02420888867784163 0.03984012862291988 -0.01563123994507827 
-0.04547441979187701 -0.02313210783769493 0.06860652762957192 
-0.0510188303813704 0.09145358448421173 -0.04043475410284134 
-0.1375123114593043 0.3522948746138316 -0.2147825631545274 
-0.01311978198704809 0.06887049006260182 -0.05575070807555373 
-0.04357677613371098 0.01118154056896322 0.03239523556474774 
-0.01311978198704809 0.06887049006260182 -0.05575070807555373 
-0.04888912653698849 0.117564669258648 -0.06867554272165949 
-0.1352043539262423 -0.1223506600992407 0.2575550140254831 
-0.06647106170624077 0.1276484799556081 -0.06117741824936735 
-0.01311978198704809 0.06887049006260182 -0.05575070807555373 
-0.01311978198704809 0.06887049006260182 -0.05575070807555373 
-0.05997823322778204 0.08853430781896603 -0.02855607459118402 
-0.01311978198704809 0.06887049006260182 -0.05575070807555373 
-0.01311978198704809 0.06887049006260182 -0.05575070807555373 
-0.01311978198704809 0.06887049006260182 -0.05575070807555373 
-0.01311978198704809 0.06887049006260182 -0.05575070807555373 
-0.01311978198704809 0.06887049006260182 -0.05575070807555373 
-0.01311978198704809 0.06887049006260182 -0.05575070807555373 
-0.03852793278331087 0.1428098817132305 -0.1042819489299197 
-0.02348097574072571 0.04362527760801926 -0.02014430186729356 
-0.08805842747536827 -0.04658946429014059 0.1346478917655088 
-0.1092120264924044 0.1652546528575504 -0.05604262636514594 
-0.01311978198704809 0.06887049006260182 -0.05575070807555373 
-0.01311978198704809 0.06887049006260182 -0.05575070807555373 
-0.01311978198704809 0.06887049006260182 -0.05575070807555373 
-0.01311978198704809 0.06887049006260182 -0.05575070807555373 
-0.01311978198704809 0.06887049006260182 -0.05575070807555373 
-0.01311978198704809 0.06887049006260182 -0.05575070807555373 
-0.1179665508807129 0.04720557178589227 0.07076097909482056 
-0.24945162833967 0.02784853935877584 0.2216030889808941 
-0.02956852993689923 0.1457291583784762 -0.116160628441577 
-0.02840590604148079 -0.003591521477371818 0.03199742751885262 
-0.01311978198704809 0.06887049006260182 -0.05575070807555373 
-0.01311978198704809 0.06887049006260182 -0.05575070807555373 
-0.01311978198704809 0.06887049006260182 -0.05575070807555373 
-0.01311978198704809 0.06887049006260182 -0.05575070807555373 
-0.04980388779228916 0.2070201502677117 -0.1572162624754225 
-0.01311978198704809 0.06887049006260182 -0.05575070807555373 
-0.01311978198704809 0.06887049006260182 -0.05575070807555373 
-0.01311978198704809 0.06887049006260182 -0.05575070807555373 
-0.01311978198704809 0.06887049006260182 -0.05575070807555373 
-0.01311978198704809 0.06887049006260182 -0.05575070807555373 
-0.01311978198704809 0.06887049006260182 -0.05575070807555373 
-0.01311978198704809 0.06887049006260182 -0.05575070807555373 
-0.01311978198704809 0.06887049006260182 -0.05575070807555373 
-0.02402411934740585 0.03114346605656955 -0.007119346709163716 
-0.03438531310108347 0.005898253601987 0.02848705949909646 
-0.01311978198704809 0.06887049006260182 -0.05575070807555373 
-0.01311978198704809 0.06887049006260182 -0.05575070807555373 
-0.01311978198704809 0.06887049006260182 -0.05575070807555373 
-0.01311978198704809 0.06887049006260182 -0.05575070807555373 
-0.04888912653698849 0.117564669258648 -0.06867554272165949 
-0.01311978198704809 0.06887049006260182 -0.05575070807555373 
-0.01311978198704809 0.06887049006260182 -0.05575070807555373 
-0.01311978198704809 0.06887049006260182 -0.05575070807555373 
-0.05286846554497712 -0.00956600272499967 0.06243446826997674 
-0.02348097574072571 0.04362527760801926 -0.02014430186729356 
-0.01311978198704809 0.06887049006260182 -0.05575070807555373 
-0.01311978198704809 0.06887049006260182 -0.05575070807555373 
-0.01311978198704809 0.06887049006260182 -0.05575070807555373 
-0.01311978198704809 0.06887049006260182 -0.05575070807555373 
-0.01311978198704809 0.06887049006260182 -0.05575070807555373 
-0.01311978198704809 0.06887049006260182 -0.05575070807555373 
-0.01311978198704809 0.06887049006260182 -0.05575070807555373 
-0.01311978198704809 0.06887049006260182 -0.05575070807555373 
-0.01311978198704809 0.06887049006260182 -0.05575070807555373 
-0.01311978198704809 0.06887049006260182 -0.05575070807555373 
-0.01311978198704809 0.06887049006260182 -0.05575070807555373 
-0.01311978198704809 0.06887049006260182 -0.05575070807555373 
-0.01311978198704809 0.06887049006260182 -0.05575070807555373 
-0.01311978198704809 0.06887049006260182 -0.05575070807555373 
-0.01311978198704809 0.06887049006260182 -0.05575070807555373 
-0.02348097574072571 0.04362527760801926 -0.02014430186729356 
-0.01311978198704809 0.06887049006260182 -0.05575070807555373 
-0.01311978198704809 0.06887049006260182 -0.05575070807555373 
-0.01311978198704809 0.06887049006260182 -0.05575070807555373 
-0.01311978198704809 0.06887049006260182 -0.05575070807555373 
-0.01311978198704809 0.06887049006260182 -0.05575070807555373 
-0.01311978198704809 0.06887049006260182 -0.05575070807555373 
-0.02643081046199484 0.1407553893118128 -0.1143245788498179 
-0.06159668936241058 -0.03412498161043539 0.09572167097284595 
-0.02023535785538993 0.06129099188923547 -0.04105563403384554 
-0.02023535785538993 0.06129099188923547 -0.04105563403384554 
-0.05069235200205283 0.003602042395596873 0.04709030960645594 
-0.05481191744437205 0.0702036546778316 -0.01539173723345953 
-0.02023535785538993 0.06129099188923547 -0.04105563403384554 
-0.03059655160906755 0.0360457794346529 -0.005449227825585355 
-0.03132446454618348 0.03226063044955353 -0.0009361659033700637 
-0.02023535785538993 0.06129099188923547 -0.04105563403384554 
-0.03828216504848454 0.114941467978745 -0.07665930293026044 
-0.06787611971465156 -0.1031736175510349 0.1710497372656865 
-0.02023535785538993 0.06129099188923547 -0.04105563403384554 
-0.03132446454618348 0.03226063044955353 -0.0009361659033700637 
-0.02023535785538993 0.06129099188923547 -0.04105563403384554 
-0.02023535785538993 0.06129099188923547 -0.04105563403384554 
-0.03354638633033668 0.1331758911384464 -0.09962950480810973 
-0.02023535785538993 0.06129099188923547 -0.04105563403384554 
-0.02023535785538993 0.06129099188923547 -0.04105563403384554 
-0.03132446454618348 0.03226063044955353 -0.0009361659033700637 
-0.03132446454618348 0.03226063044955353 -0.0009361659033700637 
-0.05895453712659946 0.2071152827890751 -0.1481607456624756 
-0.02023535785538993 0.06129099188923547 -0.04105563403384554 
-0.0416856582998611 0.007015417994970987 0.03467024030489011 
-0.02023535785538993 0.06129099188923547 -0.04105563403384554 
-0.02023535785538993 0.06129099188923547 -0.04105563403384554 
-0.05998404141331894 -0.01714550089836601 0.07712954231168494 
-0.03132446454618348 0.03226063044955353 -0.0009361659033700637 
-0.03059655160906755 0.0360457794346529 -0.005449227825585355 
-0.03132446454618348 0.03226063044955353 -0.0009361659033700637 
-0.06059744375472796 -0.06308162525210308 0.1236790690068311 
-0.02023535785538993 0.06129099188923547 -0.04105563403384554 
-0.02023535785538993 0.06129099188923547 -0.04105563403384554 
-0.02023535785538993 0.06129099188923547 -0.04105563403384554 
-0.02023535785538993 0.06129099188923547 -0.04105563403384554 
-0.02023535785538993 0.06129099188923547 -0.04105563403384554 
-0.02023535785538993 0.06129099188923547 -0.04105563403384554 
-0.0940342689071203 -0.02392027741296072 0.117954546320081 
-0.07028281082924055 0.006438305704208299 0.06384450512503224 
-0.02023535785538993 0.06129099188923547 -0.04105563403384554 
-0.02023535785538993 0.06129099188923547 -0.04105563403384554 
-0.02023535785538993 0.06129099188923547 -0.04105563403384554 
-0.02023535785538993 0.06129099188923547 -0.04105563403384554 
-0.02023535785538993 0.06129099188923547 -0.04105563403384554 
-0.04150088896942531 -0.001681244571379351 0.04318213354080466 
-0.03132446454618348 0.03226063044955353 -0.0009361659033700637 
-0.05673261534244626 0.1062000221001822 -0.04946740675773599 
-0.02023535785538993 0.06129099188923547 -0.04105563403384554 
-0.02023535785538993 0.06129099188923547 -0.04105563403384554 
-0.06296800092539583 -0.08412606932028437 0.1470940702456802 
-0.02023535785538993 0.06129099188923547 -0.04105563403384554 
-0.02023535785538993 0.06129099188923547 -0.04105563403384554 
-0.03113969521574769 0.02356396788320321 0.007575727332544485 
-0.02023535785538993 0.06129099188923547 -0.04105563403384554 
-0.02023535785538993 0.06129099188923547 -0.04105563403384554 
-0.02023535785538993 0.06129099188923547 -0.04105563403384554 
-0.05069235200205283 0.003602042395596873 0.04709030960645594 
-0.02023535785538993 0.06129099188923547 -0.04105563403384554 
-0.02023535785538993 0.06129099188923547 -0.04105563403384554 
-0.02023535785538993 0.06129099188923547 -0.04105563403384554 
-0.02023535785538993 0.06129099188923547 -0.04105563403384554 
-0.08118714818959831 -0.03128871830182395 0.1124758664914223 
-0.02023535785538993 0.06129099188923547 -0.04105563403384554 
-0.02023535785538993 0.06129099188923547 -0.04105563403384554 
-0.02023535785538993 0.06129099188923547 -0.04105563403384554 
-0.02023535785538993 0.06129099188923547 -0.04105563403384554 
-0.02023535785538993 0.06129099188923547 -0.04105563403384554 
-0.02023535785538993 0.06129099188923547 -0.04105563403384554 
-0.03132446454618348 0.03226063044955353 -0.0009361659033700637 
-0.03059655160906755 0.0360457794346529 -0.005449227825585355 
-0.02023535785538993 0.06129099188923547 -0.04105563403384554 
-0.02023535785538993 0.06129099188923547 -0.04105563403384554 
-0.02023535785538993 0.06129099188923547 -0.04105563403384554 
-0.02023535785538993 0.06129099188923547 -0.04105563403384554 
-0.02023535785538993 0.06129099188923547 -0.04105563403384554 
-0.02023535785538993 0.06129099188923547 -0.04105563403384554 
-0.02023535785538993 0.06129099188923547 -0.04105563403384554 
-0.02023535785538993 0.06129099188923547 -0.04105563403384554 
-0.03132446454618348 0.03226063044955353 -0.0009361659033700637 
-0.03132446454618348 0.03226063044955353 -0.0009361659033700637 
-0.02023535785538993 0.06129099188923547 -0.04105563403384554 
-0.05895453712659946 0.2071152827890751 -0.1481607456624756 
-0.02023535785538993 0.06129099188923547 -0.04105563403384554 
-0.02023535785538993 0.06129099188923547 -0.04105563403384554 
-0.02023535785538993 0.06129099188923547 -0.04105563403384554 
-0.02023535785538993 0.06129099188923547 -0.04105563403384554 
-0.02023535785538993 0.06129099188923547 -0.04105563403384554 
-0.02023535785538993 0.06129099188923547 -0.04105563403384554 
-0.02023535785538993 0.06129099188923547 -0.04105563403384554 
-0.02023535785538993 0.06129099188923547 -0.04105563403384554 
-0.03132446454618348 0.03226063044955353 -0.0009361659033700637 
-0.02023535785538993 0.06129099188923547 -0.04105563403384554 
-0.02023535785538993 0.06129099188923547 -0.04105563403384554 
-0.02023535785538993 0.06129099188923547 -0.04105563403384554 
-0.02023535785538993 0.06129099188923547 -0.04105563403384554 
-0.02023535785538993 0.06129099188923547 -0.04105563403384554 
-0.02023535785538993 0.06129099188923547 -0.04105563403384554 
-0.02023535785538993 0.06129099188923547 -0.04105563403384554 
-0.02023535785538993 0.06129099188923547 -0.04105563403384554 
-0.03132446454618348 0.03226063044955353 -0.0009361659033700637 
-0.03059655160906755 0.0360457794346529 -0.005449227825585355 
-0.02023535785538993 0.06129099188923547 -0.04105563403384554 
-0.02023535785538993 0.06129099188923547 -0.04105563403384554 
-0.02023535785538993 0.06129099188923547 -0.04105563403384554 
-0.02023535785538993 0.06129099188923547 -0.04105563403384554 
-0.02023535785538993 0.06129099188923547 -0.04105563403384554 
-0.04564350865165272 0.1352303835398642 -0.08958687488821147 
-0.02023535785538993 0.06129099188923547 -0.04105563403384554 
-0.02023535785538993 0.06129099188923547 -0.04105563403384554 
-0.02023535785538993 0.06129099188923547 -0.04105563403384554 
-0.02023535785538993 0.06129099188923547 -0.04105563403384554 
-0.02023535785538993 0.06129099188923547 -0.04105563403384554 
-0.02023535785538993 0.06129099188923547 -0.04105563403384554 
-0.02023535785538993 0.06129099188923547 -0.04105563403384554 
-0.02023535785538993 0.06129099188923547 -0.04105563403384554 
-0.02023535785538993 0.06129099188923547 -0.04105563403384554 
-0.02023535785538993 0.06129099188923547 -0.04105563403384554 
-0.02023535785538993 0.06129099188923547 -0.04105563403384554 
-0.02023535785538993 0.06129099188923547 -0.04105563403384554 
-0.03132446454618348 0.03226063044955353 -0.0009361659033700637 
-0.03059655160906755 0.0360457794346529 -0.005449227825585355 
-0.02023535785538993 0.06129099188923547 -0.04105563403384554 
-0.02023535785538993 0.06129099188923547 -0.04105563403384554 
-0.02023535785538993 0.06129099188923547 -0.04105563403384554 
-0.02023535785538993 0.06129099188923547 -0.04105563403384554 
-0.02023535785538993 0.06129099188923547 -0.04105563403384554 
-0.02023535785538993 0.06129099188923547 -0.04105563403384554 
-0.02023535785538993 0.06129099188923547 -0.04105563403384554 
-0.02023535785538993 0.06129099188923547 -0.04105563403384554 
-0.02023535785538993 0.06129099188923547 -0.04105563403384554 
-0.02023535785538993 0.06129099188923547 -0.04105563403384554 
-0.02023535785538993 0.06129099188923547 -0.04105563403384554 
-0.02023535785538993 0.06129099188923547 -0.04105563403384554 
-0.02023535785538993 0.06129099188923547 -0.04105563403384554 
-0.02023535785538993 0.06129099188923547 -0.04105563403384554 
-0.02023535785538993 0.06129099188923547 -0.04105563403384554 
-0.02023535785538993 0.06129099188923547 -0.04105563403384554 
-0.02023535785538993 0.06129099188923547 -0.04105563403384554 
-0.02023535785538993 0.06129099188923547 -0.04105563403384554 
-0.02023535785538993 0.06129099188923547 -0.04105563403384554 
-0.02023535785538993 0.06129099188923547 -0.04105563403384554 
-0.02023535785538993 0.06129099188923547 -0.04105563403384554 
-0.05485712931240318 -0.01483441168410957 0.06969154099651274 
-0.04566566627977566 -0.02011769865108579 0.06578336493086145 
-0.01331102847494675 0.07188489924921095 -0.05857387077426419 
-0.01331102847494675 0.07188489924921095 -0.05857387077426419 
-0.01331102847494675 0.07188489924921095 -0.05857387077426419 
-0.01331102847494675 0.07188489924921095 -0.05857387077426419 
-0.02440013516574029 0.04285453780952902 -0.01845440264378873 
-0.01331102847494675 0.07188489924921095 -0.05857387077426419 
-0.01331102847494675 0.07188489924921095 -0.05857387077426419 
-0.02975977642479789 0.1487435675650854 -0.1189837911402875 
-0.01331102847494675 0.07188489924921095 -0.05857387077426419 
-0.01331102847494675 0.07188489924921095 -0.05857387077426419 
-0.01331102847494675 0.07188489924921095 -0.05857387077426419 
-0.01331102847494675 0.07188489924921095 -0.05857387077426419 
-0.079023806333366 0.02347520403773199 0.05554860229563401 
-0.01331102847494675 0.07188489924921095 -0.05857387077426419 
-0.01331102847494675 0.07188489924921095 -0.05857387077426419 
-0.01331102847494675 0.07188489924921095 -0.05857387077426419 
-0.01331102847494675 0.07188489924921095 -0.05857387077426419 
-0.01331102847494675 0.07188489924921095 -0.05857387077426419 
-0.01331102847494675 0.07188489924921095 -0.05857387077426419 
-0.01331102847494675 0.07188489924921095 -0.05857387077426419 
-0.02367222222862437 0.0466396867946284 -0.02296746456600401 
-0.04908037302488715 0.1205790784452571 -0.07149870542036996 
-0.02440013516574029 0.04285453780952902 -0.01845440264378873 
-0.01331102847494675 0.07188489924921095 -0.05857387077426419 
-0.01331102847494675 0.07188489924921095 -0.05857387077426419 
-0.02367222222862437 0.0466396867946284 -0.02296746456600401 
-0.02367222222862437 0.0466396867946284 -0.02296746456600401 
-0.0424469423588349 0.09650501389903855 -0.05405807154020364 
-0.01331102847494675 0.07188489924921095 -0.05857387077426419 
-0.01331102847494675 0.07188489924921095 -0.05857387077426419 
-0.01331102847494675 0.07188489924921095 -0.05857387077426419 
-0.05367311437428478 -0.05248771789212759 0.1061608322664124 
-0.01331102847494675 0.07188489924921095 -0.05857387077426419 
-0.01331102847494675 0.07188489924921095 -0.05857387077426419 
-0.01331102847494675 0.07188489924921095 -0.05857387077426419 
-0.01331102847494675 0.07188489924921095 -0.05857387077426419 
-0.01331102847494675 0.07188489924921095 -0.05857387077426419 
-0.01331102847494675 0.07188489924921095 -0.05857387077426419 
-0.01331102847494675 0.07188489924921095 -0.05857387077426419 
-0.01331102847494675 0.07188489924921095 -0.05857387077426419 
-0.03405022749380134 -0.006774776514594706 0.04082500400839605 
-0.01331102847494675 0.07188489924921095 -0.05857387077426419 
-0.01331102847494675 0.07188489924921095 -0.05857387077426419 
-0.01331102847494675 0.07188489924921095 -0.05857387077426419 
-0.01331102847494675 0.07188489924921095 -0.05857387077426419 
-0.01331102847494675 0.07188489924921095 -0.05857387077426419 
-0.01331102847494675 0.07188489924921095 -0.05857387077426419 
-0.02367222222862437 0.0466396867946284 -0.02296746456600401 
-0.01331102847494675 0.07188489924921095 -0.05857387077426419 
-0.01331102847494675 0.07188489924921095 -0.05857387077426419 
-0.01331102847494675 0.07188489924921095 -0.05857387077426419 
-0.01331102847494675 0.07188489924921095 -0.05857387077426419 
-0.01331102847494675 0.07188489924921095 -0.05857387077426419 
-0.01331102847494675 0.07188489924921095 -0.05857387077426419 
-0.01331102847494675 0.07188489924921095 -0.05857387077426419 
-0.01331102847494675 0.07188489924921095 -0.05857387077426419 
-0.01331102847494675 0.07188489924921095 -0.05857387077426419 
-0.079023806333366 0.02347520403773199 0.05554860229563401 
-0.01331102847494675 0.07188489924921095 -0.05857387077426419 
-0.01331102847494675 0.07188489924921095 -0.05857387077426419 
-0.01331102847494675 0.07188489924921095 -0.05857387077426419 
-0.01331102847494675 0.07188489924921095 -0.05857387077426419 
-0.01331102847494675 0.07188489924921095 -0.05857387077426419 
-0.01331102847494675 0.07188489924921095 -0.05857387077426419 
-0.01331102847494675 0.07188489924921095 -0.05857387077426419 
-0.01331102847494675 0.07188489924921095 -0.05857387077426419 
-0.01331102847494675 0.07188489924921095 -0.05857387077426419 
-0.01331102847494675 0.07188489924921095 -0.05857387077426419 
-0.01331102847494675 0.07188489924921095 -0.05857387077426419 
-0.01331102847494675 0.07188489924921095 -0.05857387077426419 
-0.01331102847494675 0.07188489924921095 -0.05857387077426419 
-0.02367222222862437 0.0466396867946284 -0.02296746456600401 
-0.02367222222862437 0.0466396867946284 -0.02296746456600401 
-0.01331102847494675 0.07188489924921095 -0.05857387077426419 
-0.01331102847494675 0.07188489924921095 -0.05857387077426419 
-0.01331102847494675 0.07188489924921095 -0.05857387077426419 
-0.01331102847494675 0.07188489924921095 -0.05857387077426419 
-0.02367222222862437 0.0466396867946284 -0.02296746456600401 
-0.01331102847494675 0.07188489924921095 -0.05857387077426419 
-0.01331102847494675 0.07188489924921095 -0.05857387077426419 
-0.01331102847494675 0.07188489924921095 -0.05857387077426419 
-0.01331102847494675 0.07188489924921095 -0.05857387077426419 
-0.01331102847494675 0.07188489924921095 -0.05857387077426419 
-0.01331102847494675 0.07188489924921095 -0.05857387077426419 
-0.01331102847494675 0.07188489924921095 -0.05857387077426419 
-0.01331102847494675 0.07188489924921095 -0.05857387077426419 
-0.05367311437428478 -0.05248771789212759 0.1061608322664124 
-0.007685613439416989 0.0788956885440921 -0.07121007510467507 
-0.04418287092647331 0.1238047187550389 -0.07962184782856555 
-0.007685613439416989 0.0788956885440921 -0.07121007510467507 
-0.007685613439416989 0.0788956885440921 -0.07121007510467507 
-0.007685613439416989 0.0788956885440921 -0.07121007510467507 
-0.06449644728860617 0.03138173971862795 0.03311470756997823 
-0.06449644728860617 0.03138173971862795 0.03311470756997823 
-0.06449644728860617 0.03138173971862795 0.03311470756997823 
-0.007685613439416989 0.0788956885440921 -0.07121007510467507 
-0.007685613439416989 0.0788956885440921 -0.07121007510467507 
-0.03309376423567977 0.1528350801947208 -0.119741315959041 
-0.03814260758607989 0.0212067390504535 0.01693586853562638 
-0.007685613439416989 0.0788956885440921 -0.07121007510467507 
-0.007685613439416989 0.0788956885440921 -0.07121007510467507 
-0.007685613439416989 0.0788956885440921 -0.07121007510467507 
-0.01858995079977475 0.04116866453805983 -0.02257871373828507 
-0.007685613439416989 0.0788956885440921 -0.07121007510467507 
-0.007685613439416989 0.0788956885440921 -0.07121007510467507 
-0.01804680719309461 0.05365047608950953 -0.03560366889641491 
-0.01804680719309461 0.05365047608950953 -0.03560366889641491 
-0.04004025124424591 -0.01310690935620464 0.05314716060045058 
-0.007685613439416989 0.0788956885440921 -0.07121007510467507 
-0.007685613439416989 0.0788956885440921 -0.07121007510467507 
-0.007685613439416989 0.0788956885440921 -0.07121007510467507 
-0.007685613439416989 0.0788956885440921 -0.07121007510467507 
-0.007685613439416989 0.0788956885440921 -0.07121007510467507 
-0.007685613439416989 0.0788956885440921 -0.07121007510467507 
-0.007685613439416989 0.0788956885440921 -0.07121007510467507 
-0.007685613439416989 0.0788956885440921 -0.07121007510467507 
-0.007685613439416989 0.0788956885440921 -0.07121007510467507 
-0.007685613439416989 0.0788956885440921 -0.07121007510467507 
-0.007685613439416989 0.0788956885440921 -0.07121007510467507 
-0.06449644728860617 0.03138173971862795 0.03311470756997823 
-0.06449644728860617 0.03138173971862795 0.03311470756997823 
-0.007685613439416989 0.0788956885440921 -0.07121007510467507 
-0.007685613439416989 0.0788956885440921 -0.07121007510467507 
-0.007685613439416989 0.0788956885440921 -0.07121007510467507 
-0.007685613439416989 0.0788956885440921 -0.07121007510467507 
-0.007685613439416989 0.0788956885440921 -0.07121007510467507 
-0.007685613439416989 0.0788956885440921 -0.07121007510467507 
-0.007685613439416989 0.0788956885440921 -0.07121007510467507 
-0.007685613439416989 0.0788956885440921 -0.07121007510467507 
-0.007685613439416989 0.0788956885440921 -0.07121007510467507 
-0.007685613439416989 0.0788956885440921 -0.07121007510467507 
-0.007685613439416989 0.0788956885440921 -0.07121007510467507 
-0.007685613439416989 0.0788956885440921 -0.07121007510467507 
-0.007685613439416989 0.0788956885440921 -0.07121007510467507 
-0.007685613439416989 0.0788956885440921 -0.07121007510467507 
-0.007685613439416989 0.0788956885440921 -0.07121007510467507 
-0.007685613439416989 0.0788956885440921 -0.07121007510467507 
-0.007685613439416989 0.0788956885440921 -0.07121007510467507 
-0.007685613439416989 0.0788956885440921 -0.07121007510467507 
-0.007685613439416989 0.0788956885440921 -0.07121007510467507 
-0.04004025124424591 -0.01310690935620464 0.05314716060045058 
-0.01804680719309461 0.05365047608950953 -0.03560366889641491 
-0.01804680719309461 0.05365047608950953 -0.03560366889641491 
-0.007685613439416989 0.0788956885440921 -0.07121007510467507 
-0.007685613439416989 0.0788956885440921 -0.07121007510467507 
-0.007685613439416989 0.0788956885440921 -0.07121007510467507 
-0.01644874794985113 0.07685866831587439 -0.06040992036602326 
-0.01644874794985113 0.07685866831587439 -0.06040992036602326 
-0.02753785464064468 0.04782830687619247 -0.02029045223554779 
-0.01644874794985113 0.07685866831587439 -0.06040992036602326 
-0.01644874794985113 0.07685866831587439 -0.06040992036602326 
-0.03718794696870573 -0.001801007447931256 0.038988954416637 
-0.01644874794985113 0.07685866831587439 -0.06040992036602326 
-0.02680994170352876 0.05161345586129185 -0.02480351415776308 
-0.06259609776496851 0.07213838420269744 -0.009542286437728939 
-0.04185689874611392 0.1507980599665031 -0.1089411612203892 
-0.01644874794985113 0.07685866831587439 -0.06040992036602326 
-0.01644874794985113 0.07685866831587439 -0.06040992036602326 
-0.01644874794985113 0.07685866831587439 -0.06040992036602326 
-0.01644874794985113 0.07685866831587439 -0.06040992036602326 
-0.06835604254098521 -0.03510585507202867 0.1034618976130138 
-0.01644874794985113 0.07685866831587439 -0.06040992036602326 
-0.07840855391458201 0.01536381196591466 0.06304474194866734 
-0.01644874794985113 0.07685866831587439 -0.06040992036602326 
-0.01644874794985113 0.07685866831587439 -0.06040992036602326 
-0.01644874794985113 0.07685866831587439 -0.06040992036602326 
-0.01644874794985113 0.07685866831587439 -0.06040992036602326 
-0.01644874794985113 0.07685866831587439 -0.06040992036602326 
-0.01644874794985113 0.07685866831587439 -0.06040992036602326 
-0.01644874794985113 0.07685866831587439 -0.06040992036602326 
-0.01644874794985113 0.07685866831587439 -0.06040992036602326 
-0.01644874794985113 0.07685866831587439 -0.06040992036602326 
-0.01644874794985113 0.07685866831587439 -0.06040992036602326 
-0.01644874794985113 0.07685866831587439 -0.06040992036602326 
-0.01644874794985113 0.07685866831587439 -0.06040992036602326 
-0.01644874794985113 0.07685866831587439 -0.06040992036602326 
-0.03718794696870573 -0.001801007447931256 0.038988954416637 
-0.01644874794985113 0.07685866831587439 -0.06040992036602326 
-0.01644874794985113 0.07685866831587439 -0.06040992036602326 
-0.01644874794985113 0.07685866831587439 -0.06040992036602326 
-0.01644874794985113 0.07685866831587439 -0.06040992036602326 
-0.01644874794985113 0.07685866831587439 -0.06040992036602326 
-0.04185689874611392 0.1507980599665031 -0.1089411612203892 
-0.01644874794985113 0.07685866831587439 -0.06040992036602326 
-0.01644874794985113 0.07685866831587439 -0.06040992036602326 
-0.01644874794985113 0.07685866831587439 -0.06040992036602326 
-0.01644874794985113 0.07685866831587439 -0.06040992036602326 
-0.0378990483943223 0.02258309442160992 0.01531595397271238 
-0.01644874794985113 0.07685866831587439 -0.06040992036602326 
-0.01644874794985113 0.07685866831587439 -0.06040992036602326 
-0.01644874794985113 0.07685866831587439 -0.06040992036602326 
-0.01644874794985113 0.07685866831587439 -0.06040992036602326 
-0.02753785464064468 0.04782830687619247 -0.02029045223554779 
-0.01644874794985113 0.07685866831587439 -0.06040992036602326 
-0.01644874794985113 0.07685866831587439 -0.06040992036602326 
-0.07840855391458201 0.01536381196591466 0.06304474194866734 
-0.01644874794985113 0.07685866831587439 -0.06040992036602326 
-0.01644874794985113 0.07685866831587439 -0.06040992036602326 
-0.01644874794985113 0.07685866831587439 -0.06040992036602326 
-0.01644874794985113 0.07685866831587439 -0.06040992036602326 
-0.01644874794985113 0.07685866831587439 -0.06040992036602326 
-0.01644874794985113 0.07685866831587439 -0.06040992036602326 
-0.01644874794985113 0.07685866831587439 -0.06040992036602326 
-0.01644874794985113 0.07685866831587439 -0.06040992036602326 
-0.01644874794985113 0.07685866831587439 -0.06040992036602326 
-0.01644874794985113 0.07685866831587439 -0.06040992036602326 
-0.02540815079626278 0.0739393916506287 -0.04853124085436592 
-0.02540815079626278 0.0739393916506287 -0.04853124085436592 
-0.02540815079626278 0.0739393916506287 -0.04853124085436592 
-0.05042665380398653 0.02405231632849467 0.02637433747549183 
-0.02540815079626278 0.0739393916506287 -0.04853124085436592 
-0.02540815079626278 0.0739393916506287 -0.04853124085436592 
-0.02540815079626278 0.0739393916506287 -0.04853124085436592 
-0.02540815079626278 0.0739393916506287 -0.04853124085436592 
-0.02540815079626278 0.0739393916506287 -0.04853124085436592 
-0.02540815079626278 0.0739393916506287 -0.04853124085436592 
-0.03649725748705632 0.04490903021094677 -0.008411772723890461 
-0.02540815079626278 0.0739393916506287 -0.04853124085436592 
-0.02540815079626278 0.0739393916506287 -0.04853124085436592 
-0.02540815079626278 0.0739393916506287 -0.04853124085436592 
-0.02540815079626278 0.0739393916506287 -0.04853124085436592 
-0.02540815079626278 0.0739393916506287 -0.04853124085436592 
-0.02540815079626278 0.0739393916506287 -0.04853124085436592 
-0.02540815079626278 0.0739393916506287 -0.04853124085436592 
-0.0357693445499404 0.04869417919604615 -0.01292483464610575 
-0.02540815079626278 0.0739393916506287 -0.04853124085436592 
-0.02540815079626278 0.0739393916506287 -0.04853124085436592 
-0.05042665380398653 0.02405231632849467 0.02637433747549183 
-0.02540815079626278 0.0739393916506287 -0.04853124085436592 
-0.02540815079626278 0.0739393916506287 -0.04853124085436592 
-0.02540815079626278 0.0739393916506287 -0.04853124085436592 
-0.02540815079626278 0.0739393916506287 -0.04853124085436592 
-0.02540815079626278 0.0739393916506287 -0.04853124085436592 
-0.02540815079626278 0.0739393916506287 -0.04853124085436592 
-0.02540815079626278 0.0739393916506287 -0.04853124085436592 
-0.02540815079626278 0.0739393916506287 -0.04853124085436592 
-0.02540815079626278 0.0739393916506287 -0.04853124085436592 
-0.02540815079626278 0.0739393916506287 -0.04853124085436592 
-0.02540815079626278 0.0739393916506287 -0.04853124085436592 
-0.02540815079626278 0.0739393916506287 -0.04853124085436592 
-0.02540815079626278 0.0739393916506287 -0.04853124085436592 
-0.02540815079626278 0.0739393916506287 -0.04853124085436592 
-0.02540815079626278 0.0739393916506287 -0.04853124085436592 
-0.02540815079626278 0.0739393916506287 -0.04853124085436592 
-0.02540815079626278 0.0739393916506287 -0.04853124085436592 
-0.02540815079626278 0.0739393916506287 -0.04853124085436592 
-0.02540815079626278 0.0739393916506287 -0.04853124085436592 
-0.02540815079626278 0.0739393916506287 -0.04853124085436592 
-0.02540815079626278 0.0739393916506287 -0.04853124085436592 
-0.02540815079626278 0.0739393916506287 -0.04853124085436592 
-0.02540815079626278 0.0739393916506287 -0.04853124085436592 
-0.02540815079626278 0.0739393916506287 -0.04853124085436592 
-0.02540815079626278 0.0739393916506287 -0.04853124085436592 
-0.02540815079626278 0.0739393916506287 -0.04853124085436592 
-0.07447811412629796 0.2099950895636166 -0.1355169754373186 
-0.07447811412629796 0.2099950895636166 -0.1355169754373186 
-0.07447811412629796 0.2099950895636166 -0.1355169754373186 
-0.07447811412629796 0.2099950895636166 -0.1355169754373186 
-0.07447811412629796 0.2099950895636166 -0.1355169754373186 
-0.07447811412629796 0.2099950895636166 -0.1355169754373186 
-0.07447811412629796 0.2099950895636166 -0.1355169754373186 
-0.02126553111403538 -0.06297223646061481 0.08423776757465019 
-0.01090433736035776 -0.03772702400603226 0.04863136136639002 
-0.01090433736035776 -0.03772702400603226 0.04863136136639002 
-0.01090433736035776 -0.03772702400603226 0.04863136136639002 
-0.01090433736035776 -0.03772702400603226 0.04863136136639002 
-0.04029182716460915 -0.0909183043390512 0.1312101315036603 
-0.01090433736035776 -0.03772702400603226 0.04863136136639002 
-0.01090433736035776 -0.03772702400603226 0.04863136136639002 
-0.02126553111403538 -0.06297223646061481 0.08423776757465019 
-0.01090433736035776 -0.03772702400603226 0.04863136136639002 
-0.01090433736035776 -0.03772702400603226 0.04863136136639002 
-0.01090433736035776 -0.03772702400603226 0.04863136136639002 
-0.01090433736035776 -0.03772702400603226 0.04863136136639002 
-0.01090433736035776 -0.03772702400603226 0.04863136136639002 
-0.0219934440511513 -0.06675738544571419 0.08875082949686548 
-0.01090433736035776 -0.03772702400603226 0.04863136136639002 
-0.01090433736035776 -0.03772702400603226 0.04863136136639002 
-0.01090433736035776 -0.03772702400603226 0.04863136136639002 
-0.01090433736035776 -0.03772702400603226 0.04863136136639002 
-0.01090433736035776 -0.03772702400603226 0.04863136136639002 
-0.04136133150702065 -0.09541597349967086 0.1367773050066915 
-0.01090433736035776 -0.03772702400603226 0.04863136136639002 
-0.05065302091828677 -0.1161635167936337 0.1668165377119205 
-0.01090433736035776 -0.03772702400603226 0.04863136136639002 
-0.01090433736035776 -0.03772702400603226 0.04863136136639002 
-0.02126553111403538 -0.06297223646061481 0.08423776757465019 
-0.02126553111403538 -0.06297223646061481 0.08423776757465019 
-0.01090433736035776 -0.03772702400603226 0.04863136136639002 
-0.01090433736035776 -0.03772702400603226 0.04863136136639002 
-0.01090433736035776 -0.03772702400603226 0.04863136136639002 
-0.01090433736035776 -0.03772702400603226 0.04863136136639002 
-0.01090433736035776 -0.03772702400603226 0.04863136136639002 
-0.02126553111403538 -0.06297223646061481 0.08423776757465019 
-0.01090433736035776 -0.03772702400603226 0.04863136136639002 
-0.01090433736035776 -0.03772702400603226 0.04863136136639002 
-0.01090433736035776 -0.03772702400603226 0.04863136136639002 
-0.01090433736035776 -0.03772702400603226 0.04863136136639002 
-0.01090433736035776 -0.03772702400603226 0.04863136136639002 
-0.01090433736035776 -0.03772702400603226 0.04863136136639002 
-0.01090433736035776 -0.03772702400603226 0.04863136136639002 
-0.01090433736035776 -0.03772702400603226 0.04863136136639002 
-0.01090433736035776 -0.03772702400603226 0.04863136136639002 
-0.01090433736035776 -0.03772702400603226 0.04863136136639002 
-0.01090433736035776 -0.03772702400603226 0.04863136136639002 
-0.01090433736035776 -0.03772702400603226 0.04863136136639002 
-0.01090433736035776 -0.03772702400603226 0.04863136136639002 
-0.01090433736035776 -0.03772702400603226 0.04863136136639002 
-0.01090433736035776 -0.03772702400603226 0.04863136136639002 
-0.01090433736035776 -0.03772702400603226 0.04863136136639002 
-0.01090433736035776 -0.03772702400603226 0.04863136136639002 
-0.01090433736035776 -0.03772702400603226 0.04863136136639002 
-0.01090433736035776 -0.03772702400603226 0.04863136136639002 
-0.01090433736035776 -0.03772702400603226 0.04863136136639002 
-0.01090433736035776 -0.03772702400603226 0.04863136136639002 
-0.01090433736035776 -0.03772702400603226 0.04863136136639002 
-0.01090433736035776 -0.03772702400603226 0.04863136136639002 
-0.01090433736035776 -0.03772702400603226 0.04863136136639002 
-0.01090433736035776 -0.03772702400603226 0.04863136136639002 
-0.01090433736035776 -0.03772702400603226 0.04863136136639002 
-0.0219934440511513 -0.06675738544571419 0.08875082949686548 
-0.01090433736035776 -0.03772702400603226 0.04863136136639002 
-0.0219934440511513 -0.06675738544571419 0.08875082949686548 
-0.01090433736035776 -0.03772702400603226 0.04863136136639002 
-0.0219934440511513 -0.06675738544571419 0.08875082949686548 
-0.01090433736035776 -0.03772702400603226 0.04863136136639002 
-0.01090433736035776 -0.03772702400603226 0.04863136136639002 
-0.01090433736035776 -0.03772702400603226 0.04863136136639002 
-0.01090433736035776 -0.03772702400603226 0.04863136136639002 
-0.01090433736035776 -0.03772702400603226 0.04863136136639002 
-0.04136133150702065 -0.09541597349967086 0.1367773050066915 
-0.01090433736035776 -0.03772702400603226 0.04863136136639002 
-0.01090433736035776 -0.03772702400603226 0.04863136136639002 
-0.01090433736035776 -0.03772702400603226 0.04863136136639002 
-0.01090433736035776 -0.03772702400603226 0.04863136136639002 
-0.01090433736035776 -0.03772702400603226 0.04863136136639002 
-0.01090433736035776 -0.03772702400603226 0.04863136136639002 
-0.01090433736035776 -0.03772702400603226 0.04863136136639002 
-0.01090433736035776 -0.03772702400603226 0.04863136136639002 
-0.02126553111403538 -0.06297223646061481 0.08423776757465019 
-0.02126553111403538 -0.06297223646061481 0.08423776757465019 
-0.01090433736035776 -0.03772702400603226 0.04863136136639002 
-0.02126553111403538 -0.06297223646061481 0.08423776757465019 
-0.01090433736035776 -0.03772702400603226 0.04863136136639002 
-0.01090433736035776 -0.03772702400603226 0.04863136136639002 
-0.01090433736035776 -0.03772702400603226 0.04863136136639002 
-0.01090433736035776 -0.03772702400603226 0.04863136136639002 
-0.01090433736035776 -0.03772702400603226 0.04863136136639002 
-0.01090433736035776 -0.03772702400603226 0.04863136136639002 
-0.01090433736035776 -0.03772702400603226 0.04863136136639002 
-0.01090433736035776 -0.03772702400603226 0.04863136136639002 
-0.01090433736035776 -0.03772702400603226 0.04863136136639002 
-0.01090433736035776 -0.03772702400603226 0.04863136136639002 
-0.01090433736035776 -0.03772702400603226 0.04863136136639002 
-0.01090433736035776 -0.03772702400603226 0.04863136136639002 
-0.01090433736035776 -0.03772702400603226 0.04863136136639002 
-0.01090433736035776 -0.03772702400603226 0.04863136136639002 
-0.01090433736035776 -0.03772702400603226 0.04863136136639002 
-0.01090433736035776 -0.03772702400603226 0.04863136136639002 
-0.01090433736035776 -0.03772702400603226 0.04863136136639002 
-0.01090433736035776 -0.03772702400603226 0.04863136136639002 
-0.01090433736035776 -0.03772702400603226 0.04863136136639002 
-0.0361076096985173 -0.07891743676181595 0.1150250464603332 
-0.04646880345219492 -0.1041626492163985 0.1506314526685934 
-0.01108910669079355 -0.02903036143968193 0.04011946813047547 
-0.01108910669079355 -0.02903036143968193 0.04011946813047547 
-0.02145030044447117 -0.05427557389426448 0.07572587433873564 
-0.01108910669079355 -0.02903036143968193 0.04011946813047547 
-0.01108910669079355 -0.02903036143968193 0.04011946813047547 
-0.01108910669079355 -0.02903036143968193 0.04011946813047547 
-0.01108910669079355 -0.02903036143968193 0.04011946813047547 
-0.01108910669079355 -0.02903036143968193 0.04011946813047547 
-0.01108910669079355 -0.02903036143968193 0.04011946813047547 
-0.01108910669079355 -0.02903036143968193 0.04011946813047547 
-0.01108910669079355 -0.02903036143968193 0.04011946813047547 
-0.01108910669079355 -0.02903036143968193 0.04011946813047547 
-0.01108910669079355 -0.02903036143968193 0.04011946813047547 
-0.01108910669079355 -0.02903036143968193 0.04011946813047547 
-0.01108910669079355 -0.02903036143968193 0.04011946813047547 
-0.01108910669079355 -0.02903036143968193 0.04011946813047547 
-0.01108910669079355 -0.02903036143968193 0.04011946813047547 
-0.01108910669079355 -0.02903036143968193 0.04011946813047547 
-0.01108910669079355 -0.02903036143968193 0.04011946813047547 
-0.01108910669079355 -0.02903036143968193 0.04011946813047547 
-0.01108910669079355 -0.02903036143968193 0.04011946813047547 
-0.01108910669079355 -0.02903036143968193 0.04011946813047547 
-0.01108910669079355 -0.02903036143968193 0.04011946813047547 
-0.01108910669079355 -0.02903036143968193 0.04011946813047547 
-0.01108910669079355 -0.02903036143968193 0.04011946813047547 
-0.02145030044447117 -0.05427557389426448 0.07572587433873564 
-0.04154610083745644 -0.08671931093332053 0.1282654117707769 
-0.01108910669079355 -0.02903036143968193 0.04011946813047547 
-0.02145030044447117 -0.05427557389426448 0.07572587433873564 
-0.01108910669079355 -0.02903036143968193 0.04011946813047547 
-0.01108910669079355 -0.02903036143968193 0.04011946813047547 
-0.01108910669079355 -0.02903036143968193 0.04011946813047547 
-0.02145030044447117 -0.05427557389426448 0.07572587433873564 
-0.01108910669079355 -0.02903036143968193 0.04011946813047547 
-0.01108910669079355 -0.02903036143968193 0.04011946813047547 
-0.01108910669079355 -0.02903036143968193 0.04011946813047547 
-0.01108910669079355 -0.02903036143968193 0.04011946813047547 
-0.01108910669079355 -0.02903036143968193 0.04011946813047547 
-0.02145030044447117 -0.05427557389426448 0.07572587433873564 
-0.02145030044447117 -0.05427557389426448 0.07572587433873564 
-0.01108910669079355 -0.02903036143968193 0.04011946813047547 
-0.01108910669079355 -0.02903036143968193 0.04011946813047547 
-0.01108910669079355 -0.02903036143968193 0.04011946813047547 
-0.01108910669079355 -0.02903036143968193 0.04011946813047547 
-0.01108910669079355 -0.02903036143968193 0.04011946813047547 
-0.01108910669079355 -0.02903036143968193 0.04011946813047547 
-0.01108910669079355 -0.02903036143968193 0.04011946813047547 
-0.01108910669079355 -0.02903036143968193 0.04011946813047547 
-0.01108910669079355 -0.02903036143968193 0.04011946813047547 
-0.01108910669079355 -0.02903036143968193 0.04011946813047547 
-0.01108910669079355 -0.02903036143968193 0.04011946813047547 
-0.02145030044447117 -0.05427557389426448 0.07572587433873564 
-0.01108910669079355 -0.02903036143968193 0.04011946813047547 
-0.01108910669079355 -0.02903036143968193 0.04011946813047547 
-0.01108910669079355 -0.02903036143968193 0.04011946813047547 
-0.03182830570964813 -0.1076900372034876 0.1395183429131357 
-0.01108910669079355 -0.02903036143968193 0.04011946813047547 
-0.01108910669079355 -0.02903036143968193 0.04011946813047547 
-0.01108910669079355 -0.02903036143968193 0.04011946813047547 
-0.01108910669079355 -0.02903036143968193 0.04011946813047547 
-0.02145030044447117 -0.05427557389426448 0.07572587433873564 
-0.01108910669079355 -0.02903036143968193 0.04011946813047547 
-0.0361076096985173 -0.07891743676181595 0.1150250464603332 
-0.01108910669079355 -0.02903036143968193 0.04011946813047547 
-0.01108910669079355 -0.02903036143968193 0.04011946813047547 
-0.01108910669079355 -0.02903036143968193 0.04011946813047547 
-0.01108910669079355 -0.02903036143968193 0.04011946813047547 
-0.01108910669079355 -0.02903036143968193 0.04011946813047547 
-0.02145030044447117 -0.05427557389426448 0.07572587433873564 
-0.02145030044447117 -0.05427557389426448 0.07572587433873564 
-0.01108910669079355 -0.02903036143968193 0.04011946813047547 
-0.01108910669079355 -0.02903036143968193 0.04011946813047547 
-0.01108910669079355 -0.02903036143968193 0.04011946813047547 
-0.01108910669079355 -0.02903036143968193 0.04011946813047547 
-0.01108910669079355 -0.02903036143968193 0.04011946813047547 
-0.01108910669079355 -0.02903036143968193 0.04011946813047547 
-0.01108910669079355 -0.02903036143968193 0.04011946813047547 
-0.01108910669079355 -0.02903036143968193 0.04011946813047547 
-0.01108910669079355 -0.02903036143968193 0.04011946813047547 
-0.01108910669079355 -0.02903036143968193 0.04011946813047547 
-0.01108910669079355 -0.02903036143968193 0.04011946813047547 
-0.01108910669079355 -0.02903036143968193 0.04011946813047547 
-0.01108910669079355 -0.02903036143968193 0.04011946813047547 
-0.01108910669079355 -0.02903036143968193 0.04011946813047547 
-0.01108910669079355 -0.02903036143968193 0.04011946813047547 
-0.01108910669079355 -0.02903036143968193 0.04011946813047547 
-0.01108910669079355 -0.02903036143968193 0.04011946813047547 
-0.01108910669079355 -0.02903036143968193 0.04011946813047547 
-0.01108910669079355 -0.02903036143968193 0.04011946813047547 
-0.01108910669079355 -0.02903036143968193 0.04011946813047547 
-0.01108910669079355 -0.02903036143968193 0.04011946813047547 
-0.01108910669079355 -0.02903036143968193 0.04011946813047547 
-0.01108910669079355 -0.02903036143968193 0.04011946813047547 
-0.01108910669079355 -0.02903036143968193 0.04011946813047547 
-0.01108910669079355 -0.02903036143968193 0.04011946813047547 
-0.01108910669079355 -0.02903036143968193 0.04011946813047547 
-0.01108910669079355 -0.02903036143968193 0.04011946813047547 
-0.01108910669079355 -0.02903036143968193 0.04011946813047547 
-0.01108910669079355 -0.02903036143968193 0.04011946813047547 
-0.01108910669079355 -0.02903036143968193 0.04011946813047547 
-0.01108910669079355 -0.02903036143968193 0.04011946813047547 
-0.01108910669079355 -0.02903036143968193 0.04011946813047547 
-0.01108910669079355 -0.02903036143968193 0.04011946813047547 
-0.01108910669079355 -0.02903036143968193 0.04011946813047547 
-0.01108910669079355 -0.02903036143968193 0.04011946813047547 
-0.01108910669079355 -0.02903036143968193 0.04011946813047547 
-0.01108910669079355 -0.02903036143968193 0.04011946813047547 
-0.01108910669079355 -0.02903036143968193 0.04011946813047547 
-0.01108910669079355 -0.02903036143968193 0.04011946813047547 
-0.02637523074522625 -0.1014923729796556 0.1278676037248818 
-0.01108910669079355 -0.02903036143968193 0.04011946813047547 
-0.01108910669079355 -0.02903036143968193 0.04011946813047547 
-0.01108910669079355 -0.02903036143968193 0.04011946813047547 
-0.01108910669079355 -0.02903036143968193 0.04011946813047547 
-0.01108910669079355 -0.02903036143968193 0.04011946813047547 
-0.01108910669079355 -0.02903036143968193 0.04011946813047547 
-0.01108910669079355 -0.02903036143968193 0.04011946813047547 
-0.01108910669079355 -0.02903036143968193 0.04011946813047547 
-0.01108910669079355 -0.02903036143968193 0.04011946813047547 
-0.01108910669079355 -0.02903036143968193 0.04011946813047547 
-0.01108910669079355 -0.02903036143968193 0.04011946813047547 
-0.01108910669079355 -0.02903036143968193 0.04011946813047547 
-0.01108910669079355 -0.02903036143968193 0.04011946813047547 
-0.01108910669079355 -0.02903036143968193 0.04011946813047547 
-0.01108910669079355 -0.02903036143968193 0.04011946813047547 
-0.01108910669079355 -0.02903036143968193 0.04011946813047547 
-0.01108910669079355 -0.02903036143968193 0.04011946813047547 
-0.01108910669079355 -0.02903036143968193 0.04011946813047547 
-0.01108910669079355 -0.02903036143968193 0.04011946813047547 
-0.01108910669079355 -0.02903036143968193 0.04011946813047547 
-0.01108910669079355 -0.02903036143968193 0.04011946813047547 
-0.01108910669079355 -0.02903036143968193 0.04011946813047547 
-0.01108910669079355 -0.02903036143968193 0.04011946813047547 
-0.01108910669079355 -0.02903036143968193 0.04011946813047547 
-0.01108910669079355 -0.02903036143968193 0.04011946813047547 
-0.01108910669079355 -0.02903036143968193 0.04011946813047547 
-0.01108910669079355 -0.02903036143968193 0.04011946813047547 
-0.01108910669079355 -0.02903036143968193 0.04011946813047547 
-0.01108910669079355 -0.02903036143968193 0.04011946813047547 
-0.01108910669079355 -0.02903036143968193 0.04011946813047547 
-0.01108910669079355 -0.02903036143968193 0.04011946813047547 
-0.01108910669079355 -0.02903036143968193 0.04011946813047547 
-0.01108910669079355 -0.02903036143968193 0.04011946813047547 
-0.01108910669079355 -0.02903036143968193 0.04011946813047547 
-0.01108910669079355 -0.02903036143968193 0.04011946813047547 
-0.01108910669079355 -0.02903036143968193 0.04011946813047547 
-0.01108910669079355 -0.02903036143968193 0.04011946813047547 
-0.01108910669079355 -0.02903036143968193 0.04011946813047547 
-0.01108910669079355 -0.02903036143968193 0.04011946813047547 
-0.01108910669079355 -0.02903036143968193 0.04011946813047547 
-0.01108910669079355 -0.02903036143968193 0.04011946813047547 
-0.01108910669079355 -0.02903036143968193 0.04011946813047547 
-0.01108910669079355 -0.02903036143968193 0.04011946813047547 
-0.01108910669079355 -0.02903036143968193 0.04011946813047547 
-0.01108910669079355 -0.02903036143968193 0.04011946813047547 
-0.01108910669079355 -0.02903036143968193 0.04011946813047547 
-0.01108910669079355 -0.02903036143968193 0.04011946813047547 
-0.01108910669079355 -0.02903036143968193 0.04011946813047547 
-0.01108910669079355 -0.02903036143968193 0.04011946813047547 
-0.01108910669079355 -0.02903036143968193 0.04011946813047547 
-0.01108910669079355 -0.02903036143968193 0.04011946813047547 
-0.01108910669079355 -0.02903036143968193 0.04011946813047547 
-0.01108910669079355 -0.02903036143968193 0.04011946813047547 
-0.01108910669079355 -0.02903036143968193 0.04011946813047547 
-0.01108910669079355 -0.02903036143968193 0.04011946813047547 
-0.01108910669079355 -0.02903036143968193 0.04011946813047547 
-0.01108910669079355 -0.02903036143968193 0.04011946813047547 
-0.01108910669079355 -0.02903036143968193 0.04011946813047547 
-0.01108910669079355 -0.02903036143968193 0.04011946813047547 
-0.01108910669079355 -0.02903036143968193 0.04011946813047547 
-0.01108910669079355 -0.02903036143968193 0.04011946813047547 
-0.01108910669079355 -0.02903036143968193 0.04011946813047547 
-0.01108910669079355 -0.02903036143968193 0.04011946813047547 
-0.01108910669079355 -0.02903036143968193 0.04011946813047547 
-0.01108910669079355 -0.02903036143968193 0.04011946813047547 
-0.01108910669079355 -0.02903036143968193 0.04011946813047547 
-0.01108910669079355 -0.02903036143968193 0.04011946813047547 
-0.01108910669079355 -0.02903036143968193 0.04011946813047547 
-0.01108910669079355 -0.02903036143968193 0.04011946813047547 
-0.01108910669079355 -0.02903036143968193 0.04011946813047547 
-0.01108910669079355 -0.02903036143968193 0.04011946813047547 
-0.01108910669079355 -0.02903036143968193 0.04011946813047547 
-0.01108910669079355 -0.02903036143968193 0.04011946813047547 
-0.01108910669079355 -0.02903036143968193 0.04011946813047547 
-0.03182830570964813 -0.1076900372034876 0.1395183429131357 
-0.01108910669079355 -0.02903036143968193 0.04011946813047547 
-0.01108910669079355 -0.02903036143968193 0.04011946813047547 
-0.01108910669079355 -0.02903036143968193 0.04011946813047547 
-0.01108910669079355 -0.02903036143968193 0.04011946813047547 
-0.01108910669079355 -0.02903036143968193 0.04011946813047547 
-0.01108910669079355 -0.02903036143968193 0.04011946813047547 
-0.01108910669079355 -0.02903036143968193 0.04011946813047547 
-0.01108910669079355 -0.02903036143968193 0.04011946813047547 
-0.02564731780811033 -0.0977072239945562 0.1233545418026665 
-0.01036119375367762 -0.02524521245458254 0.03560640620826017 
-0.01036119375367762 -0.02524521245458254 0.03560640620826017 
-0.01036119375367762 -0.02524521245458254 0.03560640620826017 
-0.01036119375367762 -0.02524521245458254 0.03560640620826017 
-0.01036119375367762 -0.02524521245458254 0.03560640620826017 
-0.01036119375367762 -0.02524521245458254 0.03560640620826017 
-0.01036119375367762 -0.02524521245458254 0.03560640620826017 
-0.01036119375367762 -0.02524521245458254 0.03560640620826017 
-0.01036119375367762 -0.02524521245458254 0.03560640620826017 
-0.01036119375367762 -0.02524521245458254 0.03560640620826017 
-0.01036119375367762 -0.02524521245458254 0.03560640620826017 
-0.01036119375367762 -0.02524521245458254 0.03560640620826017 
-0.01036119375367762 -0.02524521245458254 0.03560640620826017 
-0.01036119375367762 -0.02524521245458254 0.03560640620826017 
-0.01036119375367762 -0.02524521245458254 0.03560640620826017 
-0.01036119375367762 -0.02524521245458254 0.03560640620826017 
-0.01036119375367762 -0.02524521245458254 0.03560640620826017 
-0.03537969676140137 -0.07513228777671657 0.1105119845381179 
-0.01036119375367762 -0.02524521245458254 0.03560640620826017 
-0.01036119375367762 -0.02524521245458254 0.03560640620826017 
-0.01036119375367762 -0.02524521245458254 0.03560640620826017 
-0.01036119375367762 -0.02524521245458254 0.03560640620826017 
-0.01036119375367762 -0.02524521245458254 0.03560640620826017 
-0.01036119375367762 -0.02524521245458254 0.03560640620826017 
-0.01036119375367762 -0.02524521245458254 0.03560640620826017 
-0.01036119375367762 -0.02524521245458254 0.03560640620826017 
-0.01036119375367762 -0.02524521245458254 0.03560640620826017 
-0.01036119375367762 -0.02524521245458254 0.03560640620826017 
-0.01036119375367762 -0.02524521245458254 0.03560640620826017 
-0.01036119375367762 -0.02524521245458254 0.03560640620826017 
-0.01036119375367762 -0.02524521245458254 0.03560640620826017 
-0.01036119375367762 -0.02524521245458254 0.03560640620826017 
-0.01036119375367762 -0.02524521245458254 0.03560640620826017 
-0.01036119375367762 -0.02524521245458254 0.03560640620826017 
-0.01036119375367762 -0.02524521245458254 0.03560640620826017 
-0.03974868355792902 -0.07843649278760149 0.1181851763455305 
-0.01036119375367762 -0.02524521245458254 0.03560640620826017 
-0.01036119375367762 -0.02524521245458254 0.03560640620826017 
-0.01036119375367762 -0.02524521245458254 0.03560640620826017 
-0.01036119375367762 -0.02524521245458254 0.03560640620826017 
-0.01036119375367762 -0.02524521245458254 0.03560640620826017 
-0.01036119375367762 -0.02524521245458254 0.03560640620826017 
-0.01036119375367762 -0.02524521245458254 0.03560640620826017 
-0.01036119375367762 -0.02524521245458254 0.03560640620826017 
-0.03537969676140137 -0.07513228777671657 0.1105119845381179 
-0.02564731780811033 -0.0977072239945562 0.1233545418026665 
-0.01036119375367762 -0.02524521245458254 0.03560640620826017 
-0.01036119375367762 -0.02524521245458254 0.03560640620826017 
-0.01036119375367762 -0.02524521245458254 0.03560640620826017 
-0.01036119375367762 -0.02524521245458254 0.03560640620826017 
-0.01036119375367762 -0.02524521245458254 0.03560640620826017 
-0.01036119375367762 -0.02524521245458254 0.03560640620826017 
-0.01036119375367762 -0.02524521245458254 0.03560640620826017 
-0.01036119375367762 -0.02524521245458254 0.03560640620826017 
-0.01036119375367762 -0.02524521245458254 0.03560640620826017 
-0.01036119375367762 -0.02524521245458254 0.03560640620826017 
-0.01036119375367762 -0.02524521245458254 0.03560640620826017 
-0.01036119375367762 -0.02524521245458254 0.03560640620826017 
-0.01036119375367762 -0.02524521245458254 0.03560640620826017 
-0.01036119375367762 -0.02524521245458254 0.03560640620826017 
-0.01036119375367762 -0.02524521245458254 0.03560640620826017 
-0.01036119375367762 -0.02524521245458254 0.03560640620826017 
-0.01036119375367762 -0.02524521245458254 0.03560640620826017 
-0.01036119375367762 -0.02524521245458254 0.03560640620826017 
-0.01036119375367762 -0.02524521245458254 0.03560640620826017 
-0.01036119375367762 -0.02524521245458254 0.03560640620826017 
-0.01036119375367762 -0.02524521245458254 0.03560640620826017 
-0.01036119375367762 -0.02524521245458254 0.03560640620826017 
-0.01036119375367762 -0.02524521245458254 0.03560640620826017 
-0.01036119375367762 -0.02524521245458254 0.03560640620826017 
-0.01036119375367762 -0.02524521245458254 0.03560640620826017 
-0.01036119375367762 -0.02524521245458254 0.03560640620826017 
-0.01036119375367762 -0.02524521245458254 0.03560640620826017 
-0.01036119375367762 -0.02524521245458254 0.03560640620826017 
-0.01036119375367762 -0.02524521245458254 0.03560640620826017 
-0.01036119375367762 -0.02524521245458254 0.03560640620826017 
-0.01036119375367762 -0.02524521245458254 0.03560640620826017 
-0.01036119375367762 -0.02524521245458254 0.03560640620826017 
-0.01036119375367762 -0.02524521245458254 0.03560640620826017 
-0.01036119375367762 -0.02524521245458254 0.03560640620826017 
-0.01036119375367762 -0.02524521245458254 0.03560640620826017 
-0.01036119375367762 -0.02524521245458254 0.03560640620826017 
-0.01036119375367762 -0.02524521245458254 0.03560640620826017 
-0.01036119375367762 -0.02524521245458254 0.03560640620826017 
-0.01036119375367762 -0.02524521245458254 0.03560640620826017 
-0.01036119375367762 -0.02524521245458254 0.03560640620826017 
-0.01036119375367762 -0.02524521245458254 0.03560640620826017 
-0.01036119375367762 -0.02524521245458254 0.03560640620826017 
-0.02564731780811033 -0.0977072239945562 0.1233545418026665 
-0.01036119375367762 -0.02524521245458254 0.03560640620826017 
-0.01036119375367762 -0.02524521245458254 0.03560640620826017 
-0.01036119375367762 -0.02524521245458254 0.03560640620826017 
-0.01036119375367762 -0.02524521245458254 0.03560640620826017 
-0.01036119375367762 -0.02524521245458254 0.03560640620826017 
-0.01036119375367762 -0.02524521245458254 0.03560640620826017 
-0.01036119375367762 -0.02524521245458254 0.03560640620826017 
-0.01036119375367762 -0.02524521245458254 0.03560640620826017 
-0.01036119375367762 -0.02524521245458254 0.03560640620826017 
-0.01036119375367762 -0.02524521245458254 0.03560640620826017 
-0.01036119375367762 -0.02524521245458254 0.03560640620826017 
-0.01036119375367762 -0.02524521245458254 0.03560640620826017 
-0.01036119375367762 -0.02524521245458254 0.03560640620826017 
-0.01036119375367762 -0.02524521245458254 0.03560640620826017 
-0.01036119375367762 -0.02524521245458254 0.03560640620826017 
-0.01036119375367762 -0.02524521245458254 0.03560640620826017 
-0.01036119375367762 -0.02524521245458254 0.03560640620826017 
-0.01036119375367762 -0.02524521245458254 0.03560640620826017 
-0.01036119375367762 -0.02524521245458254 0.03560640620826017 
-0.01036119375367762 -0.02524521245458254 0.03560640620826017 
-0.01036119375367762 -0.02524521245458254 0.03560640620826017 
-0.01036119375367762 -0.02524521245458254 0.03560640620826017 
-0.01036119375367762 -0.02524521245458254 0.03560640620826017 
-0.01036119375367762 -0.02524521245458254 0.03560640620826017 
-0.01036119375367762 -0.02524521245458254 0.03560640620826017 
-0.01036119375367762 -0.02524521245458254 0.03560640620826017 
-0.01036119375367762 -0.02524521245458254 0.03560640620826017 
-0.01036119375367762 -0.02524521245458254 0.03560640620826017 
-0.01036119375367762 -0.02524521245458254 0.03560640620826017 
-0.01036119375367762 -0.02524521245458254 0.03560640620826017 
-0.01036119375367762 -0.02524521245458254 0.03560640620826017 
-0.01036119375367762 -0.02524521245458254 0.03560640620826017 
-0.01036119375367762 -0.02524521245458254 0.03560640620826017 
-0.01036119375367762 -0.02524521245458254 0.03560640620826017 
-0.01036119375367762 -0.02524521245458254 0.03560640620826017 
-0.01036119375367762 -0.02524521245458254 0.03560640620826017 
-0.01036119375367762 -0.02524521245458254 0.03560640620826017 
-0.01036119375367762 -0.02524521245458254 0.03560640620826017 
-0.01036119375367762 -0.02524521245458254 0.03560640620826017 
-0.01036119375367762 -0.02524521245458254 0.03560640620826017 
-0.01036119375367762 -0.02524521245458254 0.03560640620826017 
-0.01036119375367762 -0.02524521245458254 0.03560640620826017 
-0.01036119375367762 -0.02524521245458254 0.03560640620826017 
-0.01036119375367762 -0.02524521245458254 0.03560640620826017 
-0.01036119375367762 -0.02524521245458254 0.03560640620826017 
-0.01036119375367762 -0.02524521245458254 0.03560640620826017 
-0.01036119375367762 -0.02524521245458254 0.03560640620826017 
-0.01036119375367762 -0.02524521245458254 0.03560640620826017 
-0.01036119375367762 -0.02524521245458254 0.03560640620826017 
-0.03974868355792902 -0.07843649278760149 0.1181851763455305 
-0.01036119375367762 -0.02524521245458254 0.03560640620826017 
-0.01036119375367762 -0.02524521245458254 0.03560640620826017 
-0.01036119375367762 -0.02524521245458254 0.03560640620826017 
-0.01036119375367762 -0.02524521245458254 0.03560640620826017 
-0.01036119375367762 -0.02524521245458254 0.03560640620826017 
-0.01036119375367762 -0.02524521245458254 0.03560640620826017 
-0.01036119375367762 -0.02524521245458254 0.03560640620826017 
-0.01036119375367762 -0.02524521245458254 0.03560640620826017 
-0.01036119375367762 -0.02524521245458254 0.03560640620826017 
-0.01036119375367762 -0.02524521245458254 0.03560640620826017 
-0.01036119375367762 -0.02524521245458254 0.03560640620826017 
-0.01036119375367762 -0.02524521245458254 0.03560640620826017 
-0.01036119375367762 -0.02524521245458254 0.03560640620826017 
-0.01036119375367762 -0.02524521245458254 0.03560640620826017 
-0.01036119375367762 -0.02524521245458254 0.03560640620826017 
-0.01036119375367762 -0.02524521245458254 0.03560640620826017 
-0.01036119375367762 -0.02524521245458254 0.03560640620826017 
-0.01036119375367762 -0.02524521245458254 0.03560640620826017 
-0.01036119375367762 -0.02524521245458254 0.03560640620826017 
-0.01036119375367762 -0.02524521245458254 0.03560640620826017 
-0.01036119375367762 -0.02524521245458254 0.03560640620826017 
-0.01036119375367762 -0.02524521245458254 0.03560640620826017 
-0.01036119375367762 -0.02524521245458254 0.03560640620826017 
-0.01036119375367762 -0.02524521245458254 0.03560640620826017 
-0.01036119375367762 -0.02524521245458254 0.03560640620826017 
-0.01036119375367762 -0.02524521245458254 0.03560640620826017 
-0.01036119375367762 -0.02524521245458254 0.03560640620826017 
-0.01036119375367762 -0.02524521245458254 0.03560640620826017 
-0.01036119375367762 -0.02524521245458254 0.03560640620826017 
-0.01036119375367762 -0.02524521245458254 0.03560640620826017 
-0.01036119375367762 -0.02524521245458254 0.03560640620826017 
-0.01036119375367762 -0.02524521245458254 0.03560640620826017 
-0.01036119375367762 -0.02524521245458254 0.03560640620826017 
-0.01036119375367762 -0.02524521245458254 0.03560640620826017 
-0.01036119375367762 -0.02524521245458254 0.03560640620826017 
-0.02564731780811033 -0.0977072239945562 0.1233545418026665 
-0.01036119375367762 -0.02524521245458254 0.03560640620826017 
-0.01036119375367762 -0.02524521245458254 0.03560640620826017 
-0.01036119375367762 -0.02524521245458254 0.03560640620826017 
-0.01036119375367762 -0.02524521245458254 0.03560640620826017 
-0.01036119375367762 -0.02524521245458254 0.03560640620826017 
-0.01036119375367762 -0.02524521245458254 0.03560640620826017 
-0.01036119375367762 -0.02524521245458254 0.03560640620826017 
-0.01036119375367762 -0.02524521245458254 0.03560640620826017 
-0.01036119375367762 -0.02524521245458254 0.03560640620826017 
-0.01036119375367762 -0.02524521245458254 0.03560640620826017 
-0.01036119375367762 -0.02524521245458254 0.03560640620826017 
-0.01036119375367762 -0.02524521245458254 0.03560640620826017 
-0.01036119375367762 -0.02524521245458254 0.03560640620826017 
-0.01036119375367762 -0.02524521245458254 0.03560640620826017 
-0.01036119375367762 -0.02524521245458254 0.03560640620826017 
-0.01036119375367762 -0.02524521245458254 0.03560640620826017 
-0.01036119375367762 -0.02524521245458254 0.03560640620826017 
-0.01036119375367762 -0.02524521245458254 0.03560640620826017 
-0.01036119375367762 -0.02524521245458254 0.03560640620826017 
-0.01036119375367762 -0.02524521245458254 0.03560640620826017 
-0.01036119375367762 -0.02524521245458254 0.03560640620826017 
-0.01036119375367762 -0.02524521245458254 0.03560640620826017 
-0.01036119375367762 -0.02524521245458254 0.03560640620826017 
-0.01036119375367762 -0.02524521245458254 0.03560640620826017 
-0.01036119375367762 -0.02524521245458254 0.03560640620826017 
-0.01036119375367762 -0.02524521245458254 0.03560640620826017 
-0.01036119375367762 -0.02524521245458254 0.03560640620826017 
-0.01036119375367762 -0.02524521245458254 0.03560640620826017 
-0.01036119375367762 -0.02524521245458254 0.03560640620826017 
-0.01036119375367762 -0.02524521245458254 0.03560640620826017 
-0.01036119375367762 -0.02524521245458254 0.03560640620826017 
-0.01036119375367762 -0.02524521245458254 0.03560640620826017 
-0.01036119375367762 -0.02524521245458254 0.03560640620826017 
-0.01036119375367762 -0.02524521245458254 0.03560640620826017 
-0.01036119375367762 -0.02524521245458254 0.03560640620826017 
-0.01036119375367762 -0.02524521245458254 0.03560640620826017 
-0.01036119375367762 -0.02524521245458254 0.03560640620826017 
-0.01036119375367762 -0.02524521245458254 0.03560640620826017 
-0.01036119375367762 -0.02524521245458254 0.03560640620826017 
-0.01036119375367762 -0.02524521245458254 0.03560640620826017 
-0.01036119375367762 -0.02524521245458254 0.03560640620826017 
-0.01036119375367762 -0.02524521245458254 0.03560640620826017 
-0.01036119375367762 -0.02524521245458254 0.03560640620826017 
-0.01036119375367762 -0.02524521245458254 0.03560640620826017 
-0.01036119375367762 -0.02524521245458254 0.03560640620826017 
-0.01036119375367762 -0.02524521245458254 0.03560640620826017 
-0.01036119375367762 -0.02524521245458254 0.03560640620826017 
-0.01036119375367762 -0.02524521245458254 0.03560640620826017 
-0.01036119375367762 -0.02524521245458254 0.03560640620826017 
-0.01036119375367762 -0.02524521245458254 0.03560640620826017 
-0.01036119375367762 -0.02524521245458254 0.03560640620826017 
-0.01036119375367762 -0.02524521245458254 0.03560640620826017 
-0.01036119375367762 -0.02524521245458254 0.03560640620826017 
-0.01036119375367762 -0.02524521245458254 0.03560640620826017 
-0.01036119375367762 -0.02524521245458254 0.03560640620826017 
-0.01036119375367762 -0.02524521245458254 0.03560640620826017 
-0.01036119375367762 -0.02524521245458254 0.03560640620826017 
-0.0304569941466629 -0.05768894949363859 0.08814594364030147 
-0.0304569941466629 -0.05768894949363859 0.08814594364030147 
-0.0304569941466629 -0.05768894949363859 0.08814594364030147 
-0.0304569941466629 -0.05768894949363859 0.08814594364030147 
-0.0304569941466629 -0.05768894949363859 0.08814594364030147 
-0.0304569941466629 -0.05768894949363859 0.08814594364030147 
-0.0304569941466629 -0.05768894949363859 0.08814594364030147 
-0.0304569941466629 -0.05768894949363859 0.08814594364030147 
-0.0304569941466629 -0.05768894949363859 0.08814594364030147 
-0.0457431182010956 -0.1301509610336122 0.1758940792347078 
-0.0304569941466629 -0.05768894949363859 0.08814594364030147 
-0.0304569941466629 -0.05768894949363859 0.08814594364030147 
-0.0304569941466629 -0.05768894949363859 0.08814594364030147 
-0.0304569941466629 -0.05768894949363859 0.08814594364030147 
-0.0304569941466629 -0.05768894949363859 0.08814594364030147 
-0.0304569941466629 -0.05768894949363859 0.08814594364030147 
-0.0304569941466629 -0.05768894949363859 0.08814594364030147 
-0.0304569941466629 -0.05768894949363859 0.08814594364030147 
-0.0304569941466629 -0.05768894949363859 0.08814594364030147 
-0.0304569941466629 -0.05768894949363859 0.08814594364030147 
-0.0304569941466629 -0.05768894949363859 0.08814594364030147 
-0.0304569941466629 -0.05768894949363859 0.08814594364030147 
-0.0304569941466629 -0.05768894949363859 0.08814594364030147 
-0.0304569941466629 -0.05768894949363859 0.08814594364030147 
-0.0304569941466629 -0.05768894949363859 0.08814594364030147 
-0.0304569941466629 -0.05768894949363859 0.08814594364030147 
-0.0304569941466629 -0.05768894949363859 0.08814594364030147 
-0.0304569941466629 -0.05768894949363859 0.08814594364030147 
-0.0304569941466629 -0.05768894949363859 0.08814594364030147 
-0.0304569941466629 -0.05768894949363859 0.08814594364030147 
-0.0304569941466629 -0.05768894949363859 0.08814594364030147 
-0.0304569941466629 -0.05768894949363859 0.08814594364030147 
-0.0304569941466629 -0.05768894949363859 0.08814594364030147 
-0.0304569941466629 -0.05768894949363859 0.08814594364030147 
-0.0304569941466629 -0.05768894949363859 0.08814594364030147 
-0.01528612405443271 -0.07246201153997364 0.08774813559440635 
-0.01528612405443271 -0.07246201153997364 0.08774813559440635 
-0.01528612405443271 -0.07246201153997364 0.08774813559440635 
-0.01528612405443271 -0.07246201153997364 0.08774813559440635 
-0.01528612405443271 -0.07246201153997364 0.08774813559440635 
-0.01528612405443271 -0.07246201153997364 0.08774813559440635 
-0.01528612405443271 -0.07246201153997364 0.08774813559440635 
-0.01528612405443271 -0.07246201153997364 0.08774813559440635 
-0.01528612405443271 -0.07246201153997364 0.08774813559440635 
-0.01528612405443271 -0.07246201153997364 0.08774813559440635 
-0.01528612405443271 -0.07246201153997364 0.08774813559440635 
-0.01528612405443271 -0.07246201153997364 0.08774813559440635 
-0.01528612405443271 -0.07246201153997364 0.08774813559440635 
-0.01528612405443271 -0.07246201153997364 0.08774813559440635 
-0.01528612405443271 -0.07246201153997364 0.08774813559440635 
-0.01528612405443271 -0.07246201153997364 0.08774813559440635 
-0.01528612405443271 -0.07246201153997364 0.08774813559440635 
-0.01528612405443271 -0.07246201153997364 0.08774813559440635 
-0.01528612405443271 -0.07246201153997364 0.08774813559440635 
-0.01528612405443271 -0.07246201153997364 0.08774813559440635 
-0.01528612405443271 -0.07246201153997364 0.08774813559440635 
-0.01528612405443271 -0.07246201153997364 0.08774813559440635 
-0.01528612405443271 -0.07246201153997364 0.08774813559440635 
-0.01528612405443271 -0.07246201153997364 0.08774813559440635 
-0.02501850300772375 -0.04988707532213402 0.07490557832985778 
-0.02501850300772375 -0.04988707532213402 0.07490557832985778 
-0.02501850300772375 -0.04988707532213402 0.07490557832985778 
-0.02501850300772375 -0.04988707532213402 0.07490557832985778 
-0.02501850300772375 -0.04988707532213402 0.07490557832985778 
-0.02501850300772375 -0.04988707532213402 0.07490557832985778 
-0.02501850300772375 -0.04988707532213402 0.07490557832985778 
-0.02501850300772375 -0.04988707532213402 0.07490557832985778 
-0.02501850300772375 -0.04988707532213402 0.07490557832985778 
-0.02501850300772375 -0.04988707532213402 0.07490557832985778 
-0.05440599281197515 -0.103078355655153 0.1574843484671281 
-0.02501850300772375 -0.04988707532213402 0.07490557832985778 
-0.02501850300772375 -0.04988707532213402 0.07490557832985778 
-0.02501850300772375 -0.04988707532213402 0.07490557832985778 
-0.02501850300772375 -0.04988707532213402 0.07490557832985778 
-0.02501850300772375 -0.04988707532213402 0.07490557832985778 
-0.02501850300772375 -0.04988707532213402 0.07490557832985778 
-0.02501850300772375 -0.04988707532213402 0.07490557832985778 
-0.02501850300772375 -0.04988707532213402 0.07490557832985778 
-0.02501850300772375 -0.04988707532213402 0.07490557832985778 
-0.02501850300772375 -0.04988707532213402 0.07490557832985778 
-0.02501850300772375 -0.04988707532213402 0.07490557832985778 
-0.02501850300772375 -0.04988707532213402 0.07490557832985778 
-0.02501850300772375 -0.04988707532213402 0.07490557832985778 
-0.02501850300772375 -0.04988707532213402 0.07490557832985778 
-0.02501850300772375 -0.04988707532213402 0.07490557832985778 
-0.02501850300772375 -0.04988707532213402 0.07490557832985778 
-0.02501850300772375 -0.04988707532213402 0.07490557832985778 
-0.02501850300772375 -0.04988707532213402 0.07490557832985778 
-0.02501850300772375 -0.04988707532213402 0.07490557832985778 
-0.02501850300772375 -0.04988707532213402 0.07490557832985778 
-0.02501850300772375 -0.04988707532213402 0.07490557832985778 
-0.02501850300772375 -0.04988707532213402 0.07490557832985778 
-0.02501850300772375 -0.04988707532213402 0.07490557832985778 
-0.02501850300772375 -0.04988707532213402 0.07490557832985778 
-0.02501850300772375 -0.04988707532213402 0.07490557832985778 
-0.02501850300772375 -0.04988707532213402 0.07490557832985778 
-0.02501850300772375 -0.04988707532213402 0.07490557832985778 
-0.02501850300772375 -0.04988707532213402 0.07490557832985778 
-0.02501850300772375 -0.04988707532213402 0.07490557832985778 
-0.02501850300772375 -0.04988707532213402 0.07490557832985778 
-0.02501850300772375 -0.04988707532213402 0.07490557832985778 
-0.02501850300772375 -0.04988707532213402 0.07490557832985778 
-0.050126688823106 -0.1318509560968246 0.1819776449199306 
-0.0293874898042514 -0.05319128033301893 0.0825787701372703 
-0.0293874898042514 -0.05319128033301893 0.0825787701372703 
-0.0293874898042514 -0.05319128033301893 0.0825787701372703 
-0.0293874898042514 -0.05319128033301893 0.0825787701372703 
-0.0293874898042514 -0.05319128033301893 0.0825787701372703 
-0.0293874898042514 -0.05319128033301893 0.0825787701372703 
-0.0293874898042514 -0.05319128033301893 0.0825787701372703 
-0.0293874898042514 -0.05319128033301893 0.0825787701372703 
-0.0293874898042514 -0.05319128033301893 0.0825787701372703 
-0.0293874898042514 -0.05319128033301893 0.0825787701372703 
-0.0293874898042514 -0.05319128033301893 0.0825787701372703 
-0.050126688823106 -0.1318509560968246 0.1819776449199306 
-0.0293874898042514 -0.05319128033301893 0.0825787701372703 
-0.0293874898042514 -0.05319128033301893 0.0825787701372703 
-0.0293874898042514 -0.05319128033301893 0.0825787701372703 
-0.0293874898042514 -0.05319128033301893 0.0825787701372703 
-0.0293874898042514 -0.05319128033301893 0.0825787701372703 
-0.0293874898042514 -0.05319128033301893 0.0825787701372703 
-0.0293874898042514 -0.05319128033301893 0.0825787701372703 
-0.0293874898042514 -0.05319128033301893 0.0825787701372703 
-0.0293874898042514 -0.05319128033301893 0.0825787701372703 
-0.02073919901885459 -0.07865967576380566 0.09939887478266025 
-0.02073919901885459 -0.07865967576380566 0.09939887478266025 
-0.02073919901885459 -0.07865967576380566 0.09939887478266025 
-0.02073919901885459 -0.07865967576380566 0.09939887478266025 
-0.02073919901885459 -0.07865967576380566 0.09939887478266025 
-0.02073919901885459 -0.07865967576380566 0.09939887478266025 
-0.02073919901885459 -0.07865967576380566 0.09939887478266025 
-0.02073919901885459 -0.07865967576380566 0.09939887478266025 
-0.02073919901885459 -0.07865967576380566 0.09939887478266025 
-0.02073919901885459 -0.07865967576380566 0.09939887478266025 
-0.02073919901885459 -0.07865967576380566 0.09939887478266025 
-0.02073919901885459 -0.07865967576380566 0.09939887478266025 
-0.02073919901885459 -0.07865967576380566 0.09939887478266025 
-0.02073919901885459 -0.07865967576380566 0.09939887478266025 
-0.02073919901885459 -0.07865967576380566 0.09939887478266025 
-0.02073919901885459 -0.07865967576380566 0.09939887478266025 
-0.02073919901885459 -0.07865967576380566 0.09939887478266025 
-0.02073919901885459 -0.07865967576380566 0.09939887478266025 
-0.02073919901885459 -0.07865967576380566 0.09939887478266025 
-0.02073919901885459 -0.07865967576380566 0.09939887478266025 
-0.04036208589933803 -0.1243726171413385 0.1647347030406766 
-0.04036208589933803 -0.1243726171413385 0.1647347030406766 
-0.04036208589933803 -0.1243726171413385 0.1647347030406766 
-0.04036208589933803 -0.1243726171413385 0.1647347030406766 
-0.04036208589933803 -0.1243726171413385 0.1647347030406766 
-0.04036208589933803 -0.1243726171413385 0.1647347030406766 
-0.04036208589933803 -0.1243726171413385 0.1647347030406766 
-0.04036208589933803 -0.1243726171413385 0.1647347030406766 
-0.04036208589933803 -0.1243726171413385 0.1647347030406766 
-0.04036208589933803 -0.1243726171413385 0.1647347030406766 
-0.04036208589933803 -0.1243726171413385 0.1647347030406766 
-0.04036208589933803 -0.1243726171413385 0.1647347030406766 
-0.04036208589933803 -0.1243726171413385 0.1647347030406766 
-0.04036208589933803 -0.1243726171413385 0.1647347030406766 
