solver_type MCSVM_CS
nr_class 3
label 0 1 2
nr_feature 764
bias -1
w
0.08463296848719848 -0.04346336766303386 -0.04116960082416462 
0.08463296848719848 -0.04346336766303386 -0.04116960082416462 
0.08463296848719848 -0.04346336766303386 -0.04116960082416462 
0.08463296848719848 -0.04346336766303386 -0.04116960082416462 
0.08463296848719848 -0.04346336766303386 -0.04116960082416462 
0.08463296848719848 -0.04346336766303386 -0.04116960082416462 
0.05173315432842798 0.01353385028709217 -0.06526700461552017 
0.08463296848719848 -0.04346336766303386 -0.04116960082416462 
0.08463296848719848 -0.04346336766303386 -0.04116960082416462 
0.31200824416638 -0.1525706452921167 -0.1594375988742633 
0.1554149518951159 -0.0858463851787593 -0.0695685667163566 
0.1554149518951159 -0.0858463851787593 -0.0695685667163566 
0.08463296848719848 -0.04346336766303386 -0.04116960082416462 
0.05173315432842798 0.01353385028709217 -0.06526700461552017 
0.08463296848719848 -0.04346336766303386 -0.04116960082416462 
0.08463296848719848 -0.04346336766303386 -0.04116960082416462 
0.08463296848719848 -0.04346336766303386 -0.04116960082416462 
0.08463296848719848 -0.04346336766303386 -0.04116960082416462 
0.08463296848719848 -0.04346336766303386 -0.04116960082416462 
0.08463296848719848 -0.04346336766303386 -0.04116960082416462 
0.08463296848719848 -0.04346336766303386 -0.04116960082416462 
0.08463296848719848 -0.04346336766303386 -0.04116960082416462 
0.08463296848719848 -0.04346336766303386 -0.04116960082416462 
0.08463296848719848 -0.04346336766303386 -0.04116960082416462 
0.08463296848719848 -0.04346336766303386 -0.04116960082416462 
0.08463296848719848 -0.04346336766303386 -0.04116960082416462 
0.08463296848719848 -0.04346336766303386 -0.04116960082416462 
0.08463296848719848 -0.04346336766303386 -0.04116960082416462 
0.08463296848719848 -0.04346336766303386 -0.04116960082416462 
0.08463296848719848 -0.04346336766303386 -0.04116960082416462 
0.08463296848719848 -0.04346336766303386 -0.04116960082416462 
0.08463296848719848 -0.04346336766303386 -0.04116960082416462 
0.08463296848719848 -0.04346336766303386 -0.04116960082416462 
0.08463296848719848 -0.04346336766303386 -0.04116960082416462 
0.08463296848719848 -0.04346336766303386 -0.04116960082416462 
0.1554149518951159 -0.0858463851787593 -0.0695685667163566 
0.1554149518951159 -0.0858463851787593 -0.0695685667163566 
0.08463296848719848 -0.04346336766303386 -0.04116960082416462 
0.08463296848719848 -0.04346336766303386 -0.04116960082416462 
0.08463296848719848 -0.04346336766303386 -0.04116960082416462 
0.08463296848719848 -0.04346336766303386 -0.04116960082416462 
0.08463296848719848 -0.04346336766303386 -0.04116960082416462 
0.08463296848719848 -0.04346336766303386 -0.04116960082416462 
0.08463296848719848 -0.04346336766303386 -0.04116960082416462 
0.08463296848719848 -0.04346336766303386 -0.04116960082416462 
0.08463296848719848 -0.04346336766303386 -0.04116960082416462 
0.08463296848719848 -0.04346336766303386 -0.04116960082416462 
0.08463296848719848 -0.04346336766303386 -0.04116960082416462 
0.08463296848719848 -0.04346336766303386 -0.04116960082416462 
0.08463296848719848 -0.04346336766303386 -0.04116960082416462 
0.08463296848719848 -0.04346336766303386 -0.04116960082416462 
0.07078198340791741 -0.04238301751572543 -0.02839896589219198 
0.07078198340791741 -0.04238301751572543 -0.02839896589219198 
0.07078198340791741 -0.04238301751572543 -0.02839896589219198 
0.2343712966979403 -0.02278000930261522 -0.211591287395325 
0.1678546095950305 -0.08891395770566005 -0.07894065188937044 
0.1678546095950305 -0.08891395770566005 -0.07894065188937044 
0.07078198340791741 -0.04238301751572543 -0.02839896589219198 
0.1655071503702714 -0.1112933316883221 -0.05421381868194938 
0.09922202843027382 0.03382288042246785 -0.1330449088527417 
0.07078198340791741 -0.04238301751572543 -0.02839896589219198 
0.07078198340791741 -0.04238301751572543 -0.02839896589219198 
0.07078198340791741 -0.04238301751572543 -0.02839896589219198 
0.07078198340791741 -0.04238301751572543 -0.02839896589219198 
0.07078198340791741 -0.04238301751572543 -0.02839896589219198 
0.07078198340791741 -0.04238301751572543 -0.02839896589219198 
0.03788216924914692 0.01461420043440061 -0.05249636968354753 
0.194475461520411 -0.05211005967895677 -0.1423654018414542 
0.07078198340791741 -0.04238301751572543 -0.02839896589219198 
0.07078198340791741 -0.04238301751572543 -0.02839896589219198 
0.07078198340791741 -0.04238301751572543 -0.02839896589219198 
0.07078198340791741 -0.04238301751572543 -0.02839896589219198 
0.1678546095950305 -0.08891395770566005 -0.07894065188937044 
0.07078198340791741 -0.04238301751572543 -0.02839896589219198 
0.07078198340791741 -0.04238301751572543 -0.02839896589219198 
0.07078198340791741 -0.04238301751572543 -0.02839896589219198 
0.07078198340791741 -0.04238301751572543 -0.02839896589219198 
0.07078198340791741 -0.04238301751572543 -0.02839896589219198 
0.07078198340791741 -0.04238301751572543 -0.02839896589219198 
0.07078198340791741 -0.04238301751572543 -0.02839896589219198 
0.07078198340791741 -0.04238301751572543 -0.02839896589219198 
0.07078198340791741 -0.04238301751572543 -0.02839896589219198 
0.07078198340791741 -0.04238301751572543 -0.02839896589219198 
0.07078198340791741 -0.04238301751572543 -0.02839896589219198 
0.2273752756791815 -0.1091072776290828 -0.1182679980500986 
0.0970726261871131 -0.04653094018993464 -0.05054168599717846 
0.1910528510884622 -0.09533155097409442 -0.09572130011436775 
0.0970726261871131 -0.04653094018993464 -0.05054168599717846 
0.05826279457607569 -0.07871235281919367 0.020449558243118 
0.0970726261871131 -0.04653094018993464 -0.05054168599717846 
-0.0344273821566223 -0.1481802059116062 0.1826075880682284 
0.0970726261871131 -0.04653094018993464 -0.05054168599717846 
0.0970726261871131 -0.04653094018993464 -0.05054168599717846 
0.0970726261871131 -0.04653094018993464 -0.05054168599717846 
0.0970726261871131 -0.04653094018993464 -0.05054168599717846 
-0.04337644559820584 0.04052377000438408 0.002852675593821725 
0.0970726261871131 -0.04653094018993464 -0.05054168599717846 
0.0970726261871131 -0.04653094018993464 -0.05054168599717846 
0.0970726261871131 -0.04653094018993464 -0.05054168599717846 
0.0970726261871131 -0.04653094018993464 -0.05054168599717846 
0.2038150535412769 -0.009305966814120509 -0.1945090867271564 
0.03412426149214002 0.09757731106954418 -0.1317015725616842 
0.0970726261871131 -0.04653094018993464 -0.05054168599717846 
0.0970726261871131 -0.04653094018993464 -0.05054168599717846 
0.0970726261871131 -0.04653094018993464 -0.05054168599717846 
0.0970726261871131 -0.04653094018993464 -0.05054168599717846 
0.0970726261871131 -0.04653094018993464 -0.05054168599717846 
0.0970726261871131 -0.04653094018993464 -0.05054168599717846 
0.0970726261871131 -0.04653094018993464 -0.05054168599717846 
0.0970726261871131 -0.04653094018993464 -0.05054168599717846 
0.0970726261871131 -0.04653094018993464 -0.05054168599717846 
-0.0344273821566223 -0.1481802059116062 0.1826075880682284 
0.0970726261871131 -0.04653094018993464 -0.05054168599717846 
0.0970726261871131 -0.04653094018993464 -0.05054168599717846 
0.0970726261871131 -0.04653094018993464 -0.05054168599717846 
0.0970726261871131 -0.04653094018993464 -0.05054168599717846 
0.0970726261871131 -0.04653094018993464 -0.05054168599717846 
0.0970726261871131 -0.04653094018993464 -0.05054168599717846 
0.0970726261871131 -0.04653094018993464 -0.05054168599717846 
0.0970726261871131 -0.04653094018993464 -0.05054168599717846 
0.0970726261871131 -0.04653094018993464 -0.05054168599717846 
0.0970726261871131 -0.04653094018993464 -0.05054168599717846 
0.0970726261871131 -0.04653094018993464 -0.05054168599717846 
0.0970726261871131 -0.04653094018993464 -0.05054168599717846 
0.0970726261871131 -0.04653094018993464 -0.05054168599717846 
0.0970726261871131 -0.04653094018993464 -0.05054168599717846 
0.0970726261871131 -0.04653094018993464 -0.05054168599717846 
0.0970726261871131 -0.04653094018993464 -0.05054168599717846 
0.0970726261871131 -0.04653094018993464 -0.05054168599717846 
0.0970726261871131 -0.04653094018993464 -0.05054168599717846 
-0.005921429565834299 -0.1014718708723943 0.1073933004382286 
0.07562860218351548 -0.03640956980166032 -0.03921903238185515 
0.03071152763293519 -0.08554763939994503 0.05483611176700985 
0.04272878802474498 0.02058764814846571 -0.0633164361732107 
0.07562860218351548 -0.03640956980166032 -0.03921903238185515 
-0.02021957667022809 0.1646958994079446 -0.1444763227377164 
0.07562860218351548 -0.03640956980166032 -0.03921903238185515 
0.07562860218351548 -0.03640956980166032 -0.03921903238185515 
0.07562860218351548 -0.03640956980166032 -0.03921903238185515 
0.07562860218351548 -0.03640956980166032 -0.03921903238185515 
0.07562860218351548 -0.03640956980166032 -0.03921903238185515 
0.07562860218351548 -0.03640956980166032 -0.03921903238185515 
0.07562860218351548 -0.03640956980166032 -0.03921903238185515 
0.07562860218351548 -0.03640956980166032 -0.03921903238185515 
0.04566201661158525 0.02902836620984788 -0.07469038282143312 
-0.03215487209776553 0.0368875145616892 -0.004732642463923656 
0.07562860218351548 -0.03640956980166032 -0.03921903238185515 
0.07562860218351548 -0.03640956980166032 -0.03921903238185515 
0.03681877057247808 -0.06859098243091938 0.03177221185844131 
-0.08382028323945741 -0.07193962522270847 0.1557599084621659 
0.07562860218351548 -0.03640956980166032 -0.03921903238185515 
0.03681877057247808 -0.06859098243091938 0.03177221185844131 
0.03681877057247808 -0.06859098243091938 0.03177221185844131 
0.03681877057247808 -0.06859098243091938 0.03177221185844131 
0.07562860218351548 -0.03640956980166032 -0.03921903238185515 
0.07562860218351548 -0.03640956980166032 -0.03921903238185515 
0.07562860218351548 -0.03640956980166032 -0.03921903238185515 
0.07562860218351548 -0.03640956980166032 -0.03921903238185515 
0.07562860218351548 -0.03640956980166032 -0.03921903238185515 
0.003918956413707586 -0.01159376448079334 0.007674808067085768 
0.1367090129260941 -0.02821296263569408 -0.1084960502904 
0.07562860218351548 -0.03640956980166032 -0.03921903238185515 
0.01276220245281476 0.08602558415997391 -0.09878778661278867 
0.07562860218351548 -0.03640956980166032 -0.03921903238185515 
0.07562860218351548 -0.03640956980166032 -0.03921903238185515 
0.1696088270848645 -0.08521018058582011 -0.08439864649904442 
0.07562860218351548 -0.03640956980166032 -0.03921903238185515 
0.07562860218351548 -0.03640956980166032 -0.03921903238185515 
0.07562860218351548 -0.03640956980166032 -0.03921903238185515 
0.03071152763293519 -0.08554763939994503 0.05483611176700985 
0.06807643176133739 0.09452387549243384 -0.1626003072537712 
0.04272878802474498 0.02058764814846571 -0.0633164361732107 
0.07562860218351548 -0.03640956980166032 -0.03921903238185515 
0.07562860218351548 -0.03640956980166032 -0.03921903238185515 
0.07562860218351548 -0.03640956980166032 -0.03921903238185515 
0.07562860218351548 -0.03640956980166032 -0.03921903238185515 
0.07562860218351548 -0.03640956980166032 -0.03921903238185515 
0.07562860218351548 -0.03640956980166032 -0.03921903238185515 
0.07562860218351548 -0.03640956980166032 -0.03921903238185515 
0.07562860218351548 -0.03640956980166032 -0.03921903238185515 
0.07562860218351548 -0.03640956980166032 -0.03921903238185515 
0.07562860218351548 -0.03640956980166032 -0.03921903238185515 
0.07562860218351548 -0.03640956980166032 -0.03921903238185515 
0.07562860218351548 -0.03640956980166032 -0.03921903238185515 
0.07562860218351548 -0.03640956980166032 -0.03921903238185515 
0.07562860218351548 -0.03640956980166032 -0.03921903238185515 
0.07562860218351548 -0.03640956980166032 -0.03921903238185515 
0.07562860218351548 -0.03640956980166032 -0.03921903238185515 
0.07562860218351548 -0.03640956980166032 -0.03921903238185515 
0.07562860218351548 -0.03640956980166032 -0.03921903238185515 
0.07562860218351548 -0.03640956980166032 -0.03921903238185515 
0.07562860218351548 -0.03640956980166032 -0.03921903238185515 
0.03681877057247808 -0.06859098243091938 0.03177221185844131 
0.03681877057247808 -0.06859098243091938 0.03177221185844131 
0.03681877057247808 -0.06859098243091938 0.03177221185844131 
0.07562860218351548 -0.03640956980166032 -0.03921903238185515 
0.07562860218351548 -0.03640956980166032 -0.03921903238185515 
0.07562860218351548 -0.03640956980166032 -0.03921903238185515 
0.07562860218351548 -0.03640956980166032 -0.03921903238185515 
0.04566201661158525 0.02902836620984788 -0.07469038282143312 
0.07562860218351548 -0.03640956980166032 -0.03921903238185515 
0.07562860218351548 -0.03640956980166032 -0.03921903238185515 
0.07562860218351548 -0.03640956980166032 -0.03921903238185515 
0.07562860218351548 -0.03640956980166032 -0.03921903238185515 
0.07562860218351548 -0.03640956980166032 -0.03921903238185515 
0.07562860218351548 -0.03640956980166032 -0.03921903238185515 
0.07562860218351548 -0.03640956980166032 -0.03921903238185515 
0.04566201661158525 0.02902836620984788 -0.07469038282143312 
0.07562860218351548 -0.03640956980166032 -0.03921903238185515 
0.07562860218351548 -0.03640956980166032 -0.03921903238185515 
0.04272878802474498 0.02058764814846571 -0.0633164361732107 
0.07562860218351548 -0.03640956980166032 -0.03921903238185515 
0.07562860218351548 -0.03640956980166032 -0.03921903238185515 
0.006996021018758804 0.0863272683264676 -0.09332328934522639 
0.07562860218351548 -0.03640956980166032 -0.03921903238185515 
0.07562860218351548 -0.03640956980166032 -0.03921903238185515 
0.07562860218351548 -0.03640956980166032 -0.03921903238185515 
0.07562860218351548 -0.03640956980166032 -0.03921903238185515 
0.07562860218351548 -0.03640956980166032 -0.03921903238185515 
0.1696088270848645 -0.08521018058582011 -0.08439864649904442 
0.07562860218351548 -0.03640956980166032 -0.03921903238185515 
0.07562860218351548 -0.03640956980166032 -0.03921903238185515 
0.07562860218351548 -0.03640956980166032 -0.03921903238185515 
0.07562860218351548 -0.03640956980166032 -0.03921903238185515 
0.156593292271264 -0.06672426011335739 -0.08986903215790668 
0.156593292271264 -0.06672426011335739 -0.08986903215790668 
0.156593292271264 -0.06672426011335739 -0.08986903215790668 
0.156593292271264 -0.06672426011335739 -0.08986903215790668 
0.156593292271264 -0.06672426011335739 -0.08986903215790668 
0.156593292271264 -0.06672426011335739 -0.08986903215790668 
0.156593292271264 -0.06672426011335739 -0.08986903215790668 
0.156593292271264 -0.06672426011335739 -0.08986903215790668 
0.156593292271264 -0.06672426011335739 -0.08986903215790668 
0.156593292271264 -0.06672426011335739 -0.08986903215790668 
0.156593292271264 -0.06672426011335739 -0.08986903215790668 
0.156593292271264 -0.06672426011335739 -0.08986903215790668 
0.1236934781124936 -0.009727042163231345 -0.1139664359492622 
0.09398022490134909 -0.0488006107841598 -0.04517961411718928 
0.09398022490134909 -0.0488006107841598 -0.04517961411718928 
0.09398022490134909 -0.0488006107841598 -0.04517961411718928 
0.03103186020637601 0.09530764047531898 -0.126339500681695 
0.09398022490134909 -0.0488006107841598 -0.04517961411718928 
-0.08251779550896093 0.1689064090051622 -0.08638861349620122 
0.09398022490134909 -0.0488006107841598 -0.04517961411718928 
0.09398022490134909 -0.0488006107841598 -0.04517961411718928 
0.09398022490134909 -0.0488006107841598 -0.04517961411718928 
0.09398022490134909 -0.0488006107841598 -0.04517961411718928 
0.05517039329031168 -0.08098202341341885 0.02581163012310717 
0.09398022490134909 -0.0488006107841598 -0.04517961411718928 
0.09398022490134909 -0.0488006107841598 -0.04517961411718928 
0.09398022490134909 -0.0488006107841598 -0.04517961411718928 
0.06099844577830624 0.02986970446381079 -0.09086815024211703 
0.03212999221128351 -0.1190585451142099 0.08692855290292639 
0.09398022490134909 -0.0488006107841598 -0.04517961411718928 
0.09398022490134909 -0.0488006107841598 -0.04517961411718928 
0.09398022490134909 -0.0488006107841598 -0.04517961411718928 
0.09398022490134909 -0.0488006107841598 -0.04517961411718928 
0.09398022490134909 -0.0488006107841598 -0.04517961411718928 
0.09398022490134909 -0.0488006107841598 -0.04517961411718928 
0.09398022490134909 -0.0488006107841598 -0.04517961411718928 
0.09398022490134909 -0.0488006107841598 -0.04517961411718928 
0.09398022490134909 -0.0488006107841598 -0.04517961411718928 
0.09398022490134909 -0.0488006107841598 -0.04517961411718928 
0.09398022490134909 -0.0488006107841598 -0.04517961411718928 
0.09398022490134909 -0.0488006107841598 -0.04517961411718928 
0.09398022490134909 -0.0488006107841598 -0.04517961411718928 
0.09398022490134909 -0.0488006107841598 -0.04517961411718928 
0.09398022490134909 -0.0488006107841598 -0.04517961411718928 
0.09398022490134909 -0.0488006107841598 -0.04517961411718928 
0.09398022490134909 -0.0488006107841598 -0.04517961411718928 
0.09398022490134909 -0.0488006107841598 -0.04517961411718928 
0.09398022490134909 -0.0488006107841598 -0.04517961411718928 
0.09398022490134909 -0.0488006107841598 -0.04517961411718928 
0.09398022490134909 -0.0488006107841598 -0.04517961411718928 
0.09398022490134909 -0.0488006107841598 -0.04517961411718928 
0.09398022490134909 -0.0488006107841598 -0.04517961411718928 
0.09398022490134909 -0.0488006107841598 -0.04517961411718928 
0.09398022490134909 -0.0488006107841598 -0.04517961411718928 
0.09398022490134909 -0.0488006107841598 -0.04517961411718928 
0.09398022490134909 -0.0488006107841598 -0.04517961411718928 
0.09398022490134909 -0.0488006107841598 -0.04517961411718928 
0.09398022490134909 -0.0488006107841598 -0.04517961411718928 
0.09398022490134909 -0.0488006107841598 -0.04517961411718928 
0.09398022490134909 -0.0488006107841598 -0.04517961411718928 
-0.0328998141587705 0.05699721795012604 -0.02409740379135554 
-0.0328998141587705 0.05699721795012604 -0.02409740379135554 
-0.0328998141587705 0.05699721795012604 -0.02409740379135554 
-0.1965082431548466 0.09866612225029567 0.09784212090455087 
-0.0328998141587705 0.05699721795012604 -0.02409740379135554 
-0.0328998141587705 0.05699721795012604 -0.02409740379135554 
-0.0328998141587705 0.05699721795012604 -0.02409740379135554 
-0.0328998141587705 0.05699721795012604 -0.02409740379135554 
-0.0328998141587705 0.05699721795012604 -0.02409740379135554 
-0.07781688870935079 0.007859148351841323 0.06995774035750946 
-0.0328998141587705 0.05699721795012604 -0.02409740379135554 
-0.0328998141587705 0.05699721795012604 -0.02409740379135554 
-0.0328998141587705 0.05699721795012604 -0.02409740379135554 
-0.0328998141587705 0.05699721795012604 -0.02409740379135554 
-0.0328998141587705 0.05699721795012604 -0.02409740379135554 
-0.0328998141587705 0.05699721795012604 -0.02409740379135554 
-0.0328998141587705 0.05699721795012604 -0.02409740379135554 
-0.0328998141587705 0.05699721795012604 -0.02409740379135554 
-0.0328998141587705 0.05699721795012604 -0.02409740379135554 
-0.0328998141587705 0.05699721795012604 -0.02409740379135554 
-0.0328998141587705 0.05699721795012604 -0.02409740379135554 
-0.0328998141587705 0.05699721795012604 -0.02409740379135554 
-0.0328998141587705 0.05699721795012604 -0.02409740379135554 
-0.0328998141587705 0.05699721795012604 -0.02409740379135554 
-0.0328998141587705 0.05699721795012604 -0.02409740379135554 
-0.1247166324207663 0.05217721963158414 0.07253941278918216 
-0.06588159328181334 0.1356675331980967 -0.0697859399162833 
-0.0328998141587705 0.05699721795012604 -0.02409740379135554 
-0.13451417444657 0.2584043713262245 -0.1238901968796545 
-0.0328998141587705 0.05699721795012604 -0.02409740379135554 
-0.0328998141587705 0.05699721795012604 -0.02409740379135554 
-0.0328998141587705 0.05699721795012604 -0.02409740379135554 
-0.0328998141587705 0.05699721795012604 -0.02409740379135554 
-0.0328998141587705 0.05699721795012604 -0.02409740379135554 
-0.0328998141587705 0.05699721795012604 -0.02409740379135554 
-0.0328998141587705 0.05699721795012604 -0.02409740379135554 
-0.0328998141587705 0.05699721795012604 -0.02409740379135554 
-0.0328998141587705 0.05699721795012604 -0.02409740379135554 
-0.0328998141587705 0.05699721795012604 -0.02409740379135554 
-0.0328998141587705 0.05699721795012604 -0.02409740379135554 
-0.06286639973070073 0.1224351539616342 -0.05956875423093351 
-0.06286639973070073 0.1224351539616342 -0.05956875423093351 
-0.0328998141587705 0.05699721795012604 -0.02409740379135554 
-0.0328998141587705 0.05699721795012604 -0.02409740379135554 
-0.0328998141587705 0.05699721795012604 -0.02409740379135554 
-0.0328998141587705 0.05699721795012604 -0.02409740379135554 
-0.0328998141587705 0.05699721795012604 -0.02409740379135554 
-0.0328998141587705 0.05699721795012604 -0.02409740379135554 
-0.0328998141587705 0.05699721795012604 -0.02409740379135554 
-0.0328998141587705 0.05699721795012604 -0.02409740379135554 
-0.0328998141587705 0.05699721795012604 -0.02409740379135554 
-0.0328998141587705 0.05699721795012604 -0.02409740379135554 
-0.0328998141587705 0.05699721795012604 -0.02409740379135554 
-0.0328998141587705 0.05699721795012604 -0.02409740379135554 
-0.0328998141587705 0.05699721795012604 -0.02409740379135554 
-0.0328998141587705 0.05699721795012604 -0.02409740379135554 
-0.0328998141587705 0.05699721795012604 -0.02409740379135554 
-0.0328998141587705 0.05699721795012604 -0.02409740379135554 
-0.0328998141587705 0.05699721795012604 -0.02409740379135554 
-0.0328998141587705 0.05699721795012604 -0.02409740379135554 
-0.0328998141587705 0.05699721795012604 -0.02409740379135554 
-0.0328998141587705 0.05699721795012604 -0.02409740379135554 
-0.0328998141587705 0.05699721795012604 -0.02409740379135554 
-0.0328998141587705 0.05699721795012604 -0.02409740379135554 
-0.0328998141587705 0.05699721795012604 -0.02409740379135554 
-0.0328998141587705 0.05699721795012604 -0.02409740379135554 
-0.0328998141587705 0.05699721795012604 -0.02409740379135554 
-0.0328998141587705 0.05699721795012604 -0.02409740379135554 
-0.0328998141587705 0.05699721795012604 -0.02409740379135554 
-0.0328998141587705 0.05699721795012604 -0.02409740379135554 
-0.0328998141587705 0.05699721795012604 -0.02409740379135554 
-0.0328998141587705 0.05699721795012604 -0.02409740379135554 
-0.0328998141587705 0.05699721795012604 -0.02409740379135554 
-0.0328998141587705 0.05699721795012604 -0.02409740379135554 
-0.0328998141587705 0.05699721795012604 -0.02409740379135554 
-0.0328998141587705 0.05699721795012604 -0.02409740379135554 
-0.0328998141587705 0.05699721795012604 -0.02409740379135554 
-0.0328998141587705 0.05699721795012604 -0.02409740379135554 
-0.0328998141587705 0.05699721795012604 -0.02409740379135554 
-0.0328998141587705 0.05699721795012604 -0.02409740379135554 
-0.0328998141587705 0.05699721795012604 -0.02409740379135554 
-0.0328998141587705 0.05699721795012604 -0.02409740379135554 
-0.0328998141587705 0.05699721795012604 -0.02409740379135554 
-0.0328998141587705 0.05699721795012604 -0.02409740379135554 
-0.0328998141587705 0.05699721795012604 -0.02409740379135554 
-0.0328998141587705 0.05699721795012604 -0.02409740379135554 
-0.0328998141587705 0.05699721795012604 -0.02409740379135554 
-0.0328998141587705 0.05699721795012604 -0.02409740379135554 
-0.0328998141587705 0.05699721795012604 -0.02409740379135554 
-0.0328998141587705 0.05699721795012604 -0.02409740379135554 
-0.0328998141587705 0.05699721795012604 -0.02409740379135554 
-0.0328998141587705 0.05699721795012604 -0.02409740379135554 
-0.0328998141587705 0.05699721795012604 -0.02409740379135554 
-0.0328998141587705 0.05699721795012604 -0.02409740379135554 
-0.0328998141587705 0.05699721795012604 -0.02409740379135554 
-0.0328998141587705 0.05699721795012604 -0.02409740379135554 
-0.0328998141587705 0.05699721795012604 -0.02409740379135554 
-0.0328998141587705 0.05699721795012604 -0.02409740379135554 
-0.0328998141587705 0.05699721795012604 -0.02409740379135554 
-0.0328998141587705 0.05699721795012604 -0.02409740379135554 
-0.0328998141587705 0.05699721795012604 -0.02409740379135554 
-0.0328998141587705 0.05699721795012604 -0.02409740379135554 
-0.0328998141587705 0.05699721795012604 -0.02409740379135554 
-0.0328998141587705 0.05699721795012604 -0.02409740379135554 
-0.0328998141587705 0.05699721795012604 -0.02409740379135554 
-0.0328998141587705 0.05699721795012604 -0.02409740379135554 
-0.0328998141587705 0.05699721795012604 -0.02409740379135554 
-0.0328998141587705 0.05699721795012604 -0.02409740379135554 
-0.0328998141587705 0.05699721795012604 -0.02409740379135554 
-0.0328998141587705 0.05699721795012604 -0.02409740379135554 
-0.0328998141587705 0.05699721795012604 -0.02409740379135554 
-0.0328998141587705 0.05699721795012604 -0.02409740379135554 
-0.0328998141587705 0.05699721795012604 -0.02409740379135554 
-0.06286639973070073 0.1224351539616342 -0.05956875423093351 
-0.0328998141587705 0.05699721795012604 -0.02409740379135554 
-0.0328998141587705 0.05699721795012604 -0.02409740379135554 
-0.0328998141587705 0.05699721795012604 -0.02409740379135554 
-0.0328998141587705 0.05699721795012604 -0.02409740379135554 
-0.0328998141587705 0.05699721795012604 -0.02409740379135554 
-0.0328998141587705 0.05699721795012604 -0.02409740379135554 
-0.0328998141587705 0.05699721795012604 -0.02409740379135554 
-0.0328998141587705 0.05699721795012604 -0.02409740379135554 
-0.0328998141587705 0.05699721795012604 -0.02409740379135554 
-0.0328998141587705 0.05699721795012604 -0.02409740379135554 
-0.0328998141587705 0.05699721795012604 -0.02409740379135554 
-0.0328998141587705 0.05699721795012604 -0.02409740379135554 
-0.134658010464781 0.1689240565803458 -0.0342660461155648 
-0.0328998141587705 0.05699721795012604 -0.02409740379135554 
-0.0328998141587705 0.05699721795012604 -0.02409740379135554 
-0.0328998141587705 0.05699721795012604 -0.02409740379135554 
-0.03298177912304284 0.07867031524797058 -0.04568853612492774 
-0.03298177912304284 0.07867031524797058 -0.04568853612492774 
-0.03298177912304284 0.07867031524797058 -0.04568853612492774 
-0.03298177912304284 0.07867031524797058 -0.04568853612492774 
-0.03298177912304284 0.07867031524797058 -0.04568853612492774 
-0.03298177912304284 0.07867031524797058 -0.04568853612492774 
-0.03298177912304284 0.07867031524797058 -0.04568853612492774 
-0.03298177912304284 0.07867031524797058 -0.04568853612492774 
-0.03298177912304284 0.07867031524797058 -0.04568853612492774 
-0.03298177912304284 0.07867031524797058 -0.04568853612492774 
-0.1465314348383798 0.1522690837778138 -0.005737648939433974 
-0.03298177912304284 0.07867031524797058 -0.04568853612492774 
-0.03298177912304284 0.07867031524797058 -0.04568853612492774 
-0.03298177912304284 0.07867031524797058 -0.04568853612492774 
-0.03298177912304284 0.07867031524797058 -0.04568853612492774 
-0.03298177912304284 0.07867031524797058 -0.04568853612492774 
-0.03298177912304284 0.07867031524797058 -0.04568853612492774 
-0.03298177912304284 0.07867031524797058 -0.04568853612492774 
-0.03298177912304284 0.07867031524797058 -0.04568853612492774 
-0.03298177912304284 0.07867031524797058 -0.04568853612492774 
-0.03298177912304284 0.07867031524797058 -0.04568853612492774 
-0.03298177912304284 0.07867031524797058 -0.04568853612492774 
-0.03298177912304284 0.07867031524797058 -0.04568853612492774 
-0.03298177912304284 0.07867031524797058 -0.04568853612492774 
-0.03298177912304284 0.07867031524797058 -0.04568853612492774 
-0.03298177912304284 0.07867031524797058 -0.04568853612492774 
-0.03298177912304284 0.07867031524797058 -0.04568853612492774 
-0.03298177912304284 0.07867031524797058 -0.04568853612492774 
-0.03298177912304284 0.07867031524797058 -0.04568853612492774 
-0.03298177912304284 0.07867031524797058 -0.04568853612492774 
-0.03298177912304284 0.07867031524797058 -0.04568853612492774 
-0.03298177912304284 0.07867031524797058 -0.04568853612492774 
-0.03298177912304284 0.07867031524797058 -0.04568853612492774 
-0.03298177912304284 0.07867031524797058 -0.04568853612492774 
-0.03298177912304284 0.07867031524797058 -0.04568853612492774 
-0.03298177912304284 0.07867031524797058 -0.04568853612492774 
-0.03298177912304284 0.07867031524797058 -0.04568853612492774 
-0.1016143602877995 0.2014071533760985 -0.09979279308829898 
-0.1016143602877995 0.2014071533760985 -0.09979279308829898 
-0.03298177912304284 0.07867031524797058 -0.04568853612492774 
-0.03298177912304284 0.07867031524797058 -0.04568853612492774 
-0.03298177912304284 0.07867031524797058 -0.04568853612492774 
-0.03298177912304284 0.07867031524797058 -0.04568853612492774 
-0.03298177912304284 0.07867031524797058 -0.04568853612492774 
-0.03298177912304284 0.07867031524797058 -0.04568853612492774 
-0.03298177912304284 0.07867031524797058 -0.04568853612492774 
-0.03298177912304284 0.07867031524797058 -0.04568853612492774 
-0.03298177912304284 0.07867031524797058 -0.04568853612492774 
-0.03298177912304284 0.07867031524797058 -0.04568853612492774 
-0.03298177912304284 0.07867031524797058 -0.04568853612492774 
-0.03298177912304284 0.07867031524797058 -0.04568853612492774 
-0.03298177912304284 0.07867031524797058 -0.04568853612492774 
-0.03298177912304284 0.07867031524797058 -0.04568853612492774 
-0.03298177912304284 0.07867031524797058 -0.04568853612492774 
-0.03298177912304284 0.07867031524797058 -0.04568853612492774 
-0.02996658557193023 0.0654379360115082 -0.03547135043957796 
-0.02996658557193023 0.0654379360115082 -0.03547135043957796 
-0.02996658557193023 0.0654379360115082 -0.03547135043957796 
-0.02996658557193023 0.0654379360115082 -0.03547135043957796 
-0.02996658557193023 0.0654379360115082 -0.03547135043957796 
-0.02996658557193023 0.0654379360115082 -0.03547135043957796 
-0.02996658557193023 0.0654379360115082 -0.03547135043957796 
-0.02996658557193023 0.0654379360115082 -0.03547135043957796 
-0.02996658557193023 0.0654379360115082 -0.03547135043957796 
-0.02996658557193023 0.0654379360115082 -0.03547135043957796 
-0.02996658557193023 0.0654379360115082 -0.03547135043957796 
-0.02996658557193023 0.0654379360115082 -0.03547135043957796 
-0.02996658557193023 0.0654379360115082 -0.03547135043957796 
-0.02996658557193023 0.0654379360115082 -0.03547135043957796 
-0.02996658557193023 0.0654379360115082 -0.03547135043957796 
-0.06877641718296762 0.03325652338224914 0.0355198938007185 
-0.02996658557193023 0.0654379360115082 -0.03547135043957796 
-0.02996658557193023 0.0654379360115082 -0.03547135043957796 
-0.02996658557193023 0.0654379360115082 -0.03547135043957796 
-0.02996658557193023 0.0654379360115082 -0.03547135043957796 
-0.1849393723980003 -0.09748256619924321 0.2824219385972436 
-0.02996658557193023 0.0654379360115082 -0.03547135043957796 
-0.02996658557193023 0.0654379360115082 -0.03547135043957796 
-0.02996658557193023 0.0654379360115082 -0.03547135043957796 
-0.02996658557193023 0.0654379360115082 -0.03547135043957796 
-0.02996658557193023 0.0654379360115082 -0.03547135043957796 
-0.02996658557193023 0.0654379360115082 -0.03547135043957796 
-0.02996658557193023 0.0654379360115082 -0.03547135043957796 
-0.02996658557193023 0.0654379360115082 -0.03547135043957796 
-0.02996658557193023 0.0654379360115082 -0.03547135043957796 
-0.02996658557193023 0.0654379360115082 -0.03547135043957796 
-0.02996658557193023 0.0654379360115082 -0.03547135043957796 
-0.02996658557193023 0.0654379360115082 -0.03547135043957796 
-0.1564336918718603 -0.04876243465751053 0.2051961265293708 
-0.02996658557193023 0.0654379360115082 -0.03547135043957796 
-0.02996658557193023 0.0654379360115082 -0.03547135043957796 
-0.02996658557193023 0.0654379360115082 -0.03547135043957796 
-0.02996658557193023 0.0654379360115082 -0.03547135043957796 
-0.02996658557193023 0.0654379360115082 -0.03547135043957796 
-0.02996658557193023 0.0654379360115082 -0.03547135043957796 
-0.02996658557193023 0.0654379360115082 -0.03547135043957796 
-0.02996658557193023 0.0654379360115082 -0.03547135043957796 
-0.02996658557193023 0.0654379360115082 -0.03547135043957796 
-0.02996658557193023 0.0654379360115082 -0.03547135043957796 
-0.02996658557193023 0.0654379360115082 -0.03547135043957796 
-0.02996658557193023 0.0654379360115082 -0.03547135043957796 
-0.02996658557193023 0.0654379360115082 -0.03547135043957796 
-0.02996658557193023 0.0654379360115082 -0.03547135043957796 
-0.02996658557193023 0.0654379360115082 -0.03547135043957796 
-0.02996658557193023 0.0654379360115082 -0.03547135043957796 
-0.02996658557193023 0.0654379360115082 -0.03547135043957796 
-0.02996658557193023 0.0654379360115082 -0.03547135043957796 
-0.02996658557193023 0.0654379360115082 -0.03547135043957796 
-0.02996658557193023 0.0654379360115082 -0.03547135043957796 
-0.02996658557193023 0.0654379360115082 -0.03547135043957796 
-0.02996658557193023 0.0654379360115082 -0.03547135043957796 
-0.02996658557193023 0.0654379360115082 -0.03547135043957796 
-0.02996658557193023 0.0654379360115082 -0.03547135043957796 
-0.02996658557193023 0.0654379360115082 -0.03547135043957796 
-0.02996658557193023 0.0654379360115082 -0.03547135043957796 
-0.02996658557193023 0.0654379360115082 -0.03547135043957796 
-0.02996658557193023 0.0654379360115082 -0.03547135043957796 
-0.02996658557193023 0.0654379360115082 -0.03547135043957796 
-0.02996658557193023 0.0654379360115082 -0.03547135043957796 
-0.02996658557193023 0.0654379360115082 -0.03547135043957796 
-0.02996658557193023 0.0654379360115082 -0.03547135043957796 
-0.02996658557193023 0.0654379360115082 -0.03547135043957796 
-0.02996658557193023 0.0654379360115082 -0.03547135043957796 
-0.02996658557193023 0.0654379360115082 -0.03547135043957796 
-0.02996658557193023 0.0654379360115082 -0.03547135043957796 
-0.02996658557193023 0.0654379360115082 -0.03547135043957796 
-0.02996658557193023 0.0654379360115082 -0.03547135043957796 
-0.02996658557193023 0.0654379360115082 -0.03547135043957796 
-0.02996658557193023 0.0654379360115082 -0.03547135043957796 
-0.02996658557193023 0.0654379360115082 -0.03547135043957796 
-0.02996658557193023 0.0654379360115082 -0.03547135043957796 
-0.02996658557193023 0.0654379360115082 -0.03547135043957796 
-0.02996658557193023 0.0654379360115082 -0.03547135043957796 
-0.02996658557193023 0.0654379360115082 -0.03547135043957796 
-0.02996658557193023 0.0654379360115082 -0.03547135043957796 
-0.02996658557193023 0.0654379360115082 -0.03547135043957796 
-0.02996658557193023 0.0654379360115082 -0.03547135043957796 
-0.02996658557193023 0.0654379360115082 -0.03547135043957796 
-0.02996658557193023 0.0654379360115082 -0.03547135043957796 
-0.02996658557193023 0.0654379360115082 -0.03547135043957796 
-0.02996658557193023 0.0654379360115082 -0.03547135043957796 
-0.02996658557193023 0.0654379360115082 -0.03547135043957796 
-0.02996658557193023 0.0654379360115082 -0.03547135043957796 
-0.02996658557193023 0.0654379360115082 -0.03547135043957796 
-0.02996658557193023 0.0654379360115082 -0.03547135043957796 
-0.02996658557193023 0.0654379360115082 -0.03547135043957796 
-0.02996658557193023 0.0654379360115082 -0.03547135043957796 
-0.02996658557193023 0.0654379360115082 -0.03547135043957796 
-0.02996658557193023 0.0654379360115082 -0.03547135043957796 
-0.02996658557193023 0.0654379360115082 -0.03547135043957796 
-0.02996658557193023 0.0654379360115082 -0.03547135043957796 
-0.02996658557193023 0.0654379360115082 -0.03547135043957796 
-0.02996658557193023 0.0654379360115082 -0.03547135043957796 
-0.02996658557193023 0.0654379360115082 -0.03547135043957796 
-0.02996658557193023 0.0654379360115082 -0.03547135043957796 
-0.02996658557193023 0.0654379360115082 -0.03547135043957796 
-0.02996658557193023 0.0654379360115082 -0.03547135043957796 
-0.06863258116475668 0.1227368381281279 -0.05410425696337124 
-0.06863258116475668 0.1227368381281279 -0.05410425696337124 
-0.06863258116475668 0.1227368381281279 -0.05410425696337124 
-0.06863258116475668 0.1227368381281279 -0.05410425696337124 
-0.06863258116475668 0.1227368381281279 -0.05410425696337124 
-0.06863258116475668 0.1227368381281279 -0.05410425696337124 
-0.06863258116475668 0.1227368381281279 -0.05410425696337124 
-0.06863258116475668 0.1227368381281279 -0.05410425696337124 
-0.06863258116475668 0.1227368381281279 -0.05410425696337124 
-0.06863258116475668 0.1227368381281279 -0.05410425696337124 
-0.06863258116475668 0.1227368381281279 -0.05410425696337124 
-0.06863258116475668 0.1227368381281279 -0.05410425696337124 
-0.06863258116475668 0.1227368381281279 -0.05410425696337124 
-0.06863258116475668 0.1227368381281279 -0.05410425696337124 
-0.06863258116475668 0.1227368381281279 -0.05410425696337124 
-0.06863258116475668 0.1227368381281279 -0.05410425696337124 
-0.06863258116475668 0.1227368381281279 -0.05410425696337124 
-0.06863258116475668 0.1227368381281279 -0.05410425696337124 
-0.06863258116475668 0.1227368381281279 -0.05410425696337124 
-0.06863258116475668 0.1227368381281279 -0.05410425696337124 
-0.06863258116475668 0.1227368381281279 -0.05410425696337124 
-0.06863258116475668 0.1227368381281279 -0.05410425696337124 
-0.06863258116475668 0.1227368381281279 -0.05410425696337124 
-0.06863258116475668 0.1227368381281279 -0.05410425696337124 
-0.06863258116475668 0.1227368381281279 -0.05410425696337124 
-0.06863258116475668 0.1227368381281279 -0.05410425696337124 
-0.06609419708033072 -0.05691741473189887 0.1230116118122296 
-0.06609419708033072 -0.05691741473189887 0.1230116118122296 
-0.06609419708033072 -0.05691741473189887 0.1230116118122296 
-0.06609419708033072 -0.05691741473189887 0.1230116118122296 
-0.1049040286913681 -0.08909882736115791 0.1940028560525261 
-0.06609419708033072 -0.05691741473189887 0.1230116118122296 
-0.06609419708033072 -0.05691741473189887 0.1230116118122296 
-0.06609419708033072 -0.05691741473189887 0.1230116118122296 
-0.06609419708033072 -0.05691741473189887 0.1230116118122296 
-0.06609419708033072 -0.05691741473189887 0.1230116118122296 
-0.06609419708033072 -0.05691741473189887 0.1230116118122296 
-0.06609419708033072 -0.05691741473189887 0.1230116118122296 
-0.06609419708033072 -0.05691741473189887 0.1230116118122296 
-0.06609419708033072 -0.05691741473189887 0.1230116118122296 
-0.1049040286913681 -0.08909882736115791 0.1940028560525261 
-0.06609419708033072 -0.05691741473189887 0.1230116118122296 
-0.06609419708033072 -0.05691741473189887 0.1230116118122296 
-0.06609419708033072 -0.05691741473189887 0.1230116118122296 
-0.06609419708033072 -0.05691741473189887 0.1230116118122296 
-0.06609419708033072 -0.05691741473189887 0.1230116118122296 
-0.06609419708033072 -0.05691741473189887 0.1230116118122296 
-0.06609419708033072 -0.05691741473189887 0.1230116118122296 
-0.06609419708033072 -0.05691741473189887 0.1230116118122296 
-0.04491707455058028 -0.04913806959828471 0.09405514414886501 
-0.04491707455058028 -0.04913806959828471 0.09405514414886501 
-0.08372690616161768 -0.08131948222754377 0.1650463883891615 
-0.04491707455058028 -0.04913806959828471 0.09405514414886501 
-0.04491707455058028 -0.04913806959828471 0.09405514414886501 
-0.04491707455058028 -0.04913806959828471 0.09405514414886501 
-0.04491707455058028 -0.04913806959828471 0.09405514414886501 
-0.04491707455058028 -0.04913806959828471 0.09405514414886501 
-0.04491707455058028 -0.04913806959828471 0.09405514414886501 
-0.04491707455058028 -0.04913806959828471 0.09405514414886501 
-0.04491707455058028 -0.04913806959828471 0.09405514414886501 
-0.04491707455058028 -0.04913806959828471 0.09405514414886501 
-0.04491707455058028 -0.04913806959828471 0.09405514414886501 
-0.04491707455058028 -0.04913806959828471 0.09405514414886501 
-0.04491707455058028 -0.04913806959828471 0.09405514414886501 
-0.04491707455058028 -0.04913806959828471 0.09405514414886501 
-0.04491707455058028 -0.04913806959828471 0.09405514414886501 
-0.04491707455058028 -0.04913806959828471 0.09405514414886501 
-0.04491707455058028 -0.04913806959828471 0.09405514414886501 
-0.04491707455058028 -0.04913806959828471 0.09405514414886501 
-0.08372690616161768 -0.08131948222754377 0.1650463883891615 
-0.04491707455058028 -0.04913806959828471 0.09405514414886501 
-0.04491707455058028 -0.04913806959828471 0.09405514414886501 
-0.04491707455058028 -0.04913806959828471 0.09405514414886501 
-0.04491707455058028 -0.04913806959828471 0.09405514414886501 
-0.04491707455058028 -0.04913806959828471 0.09405514414886501 
-0.04491707455058028 -0.04913806959828471 0.09405514414886501 
-0.04491707455058028 -0.04913806959828471 0.09405514414886501 
-0.04491707455058028 -0.04913806959828471 0.09405514414886501 
-0.04491707455058028 -0.04913806959828471 0.09405514414886501 
-0.04491707455058028 -0.04913806959828471 0.09405514414886501 
-0.04491707455058028 -0.04913806959828471 0.09405514414886501 
-0.04491707455058028 -0.04913806959828471 0.09405514414886501 
-0.04491707455058028 -0.04913806959828471 0.09405514414886501 
-0.04491707455058028 -0.04913806959828471 0.09405514414886501 
-0.04491707455058028 -0.04913806959828471 0.09405514414886501 
-0.04491707455058028 -0.04913806959828471 0.09405514414886501 
-0.04491707455058028 -0.04913806959828471 0.09405514414886501 
-0.04491707455058028 -0.04913806959828471 0.09405514414886501 
-0.04491707455058028 -0.04913806959828471 0.09405514414886501 
-0.04491707455058028 -0.04913806959828471 0.09405514414886501 
-0.04491707455058028 -0.04913806959828471 0.09405514414886501 
-0.04491707455058028 -0.04913806959828471 0.09405514414886501 
-0.06185023269006557 -0.07025793433005009 0.1321081670201157 
-0.06185023269006557 -0.07025793433005009 0.1321081670201157 
-0.06185023269006557 -0.07025793433005009 0.1321081670201157 
-0.06185023269006557 -0.07025793433005009 0.1321081670201157 
-0.06185023269006557 -0.07025793433005009 0.1321081670201157 
-0.06185023269006557 -0.07025793433005009 0.1321081670201157 
-0.06185023269006557 -0.07025793433005009 0.1321081670201157 
-0.06185023269006557 -0.07025793433005009 0.1321081670201157 
-0.06185023269006557 -0.07025793433005009 0.1321081670201157 
-0.06185023269006557 -0.07025793433005009 0.1321081670201157 
-0.06185023269006557 -0.07025793433005009 0.1321081670201157 
-0.06185023269006557 -0.07025793433005009 0.1321081670201157 
-0.06185023269006557 -0.07025793433005009 0.1321081670201157 
-0.06185023269006557 -0.07025793433005009 0.1321081670201157 
-0.06185023269006557 -0.07025793433005009 0.1321081670201157 
-0.06185023269006557 -0.07025793433005009 0.1321081670201157 
-0.06185023269006557 -0.07025793433005009 0.1321081670201157 
-0.06185023269006557 -0.07025793433005009 0.1321081670201157 
-0.06185023269006557 -0.07025793433005009 0.1321081670201157 
-0.06185023269006557 -0.07025793433005009 0.1321081670201157 
-0.06185023269006557 -0.07025793433005009 0.1321081670201157 
-0.06185023269006557 -0.07025793433005009 0.1321081670201157 
-0.1161629552150327 -0.1307390895814924 0.2469020447965251 
-0.1161629552150327 -0.1307390895814924 0.2469020447965251 
-0.1161629552150327 -0.1307390895814924 0.2469020447965251 
-0.1161629552150327 -0.1307390895814924 0.2469020447965251 
-0.1161629552150327 -0.1307390895814924 0.2469020447965251 
-0.1161629552150327 -0.1307390895814924 0.2469020447965251 
-0.08155003174934977 -0.065062301070734 0.1466123328200838 
-0.08155003174934977 -0.065062301070734 0.1466123328200838 
-0.08155003174934977 -0.065062301070734 0.1466123328200838 
-0.08155003174934977 -0.065062301070734 0.1466123328200838 
-0.08155003174934977 -0.065062301070734 0.1466123328200838 
-0.08155003174934977 -0.065062301070734 0.1466123328200838 
-0.08155003174934977 -0.065062301070734 0.1466123328200838 
-0.08155003174934977 -0.065062301070734 0.1466123328200838 
-0.08155003174934977 -0.065062301070734 0.1466123328200838 
-0.08155003174934977 -0.065062301070734 0.1466123328200838 
-0.08155003174934977 -0.065062301070734 0.1466123328200838 
-0.08155003174934977 -0.065062301070734 0.1466123328200838 
-0.08155003174934977 -0.065062301070734 0.1466123328200838 
-0.08155003174934977 -0.065062301070734 0.1466123328200838 
-0.0388098316110374 -0.03218141262925905 0.07099124424029646 
-0.0388098316110374 -0.03218141262925905 0.07099124424029646 
-0.0388098316110374 -0.03218141262925905 0.07099124424029646 
-0.0388098316110374 -0.03218141262925905 0.07099124424029646 
-0.0388098316110374 -0.03218141262925905 0.07099124424029646 
-0.0388098316110374 -0.03218141262925905 0.07099124424029646 
-0.0388098316110374 -0.03218141262925905 0.07099124424029646 
-0.0388098316110374 -0.03218141262925905 0.07099124424029646 
-0.0388098316110374 -0.03218141262925905 0.07099124424029646 
-0.0388098316110374 -0.03218141262925905 0.07099124424029646 
-0.0388098316110374 -0.03218141262925905 0.07099124424029646 
-0.0388098316110374 -0.03218141262925905 0.07099124424029646 
-0.0388098316110374 -0.03218141262925905 0.07099124424029646 
-0.0388098316110374 -0.03218141262925905 0.07099124424029646 
-0.0388098316110374 -0.03218141262925905 0.07099124424029646 
-0.0388098316110374 -0.03218141262925905 0.07099124424029646 
-0.0388098316110374 -0.03218141262925905 0.07099124424029646 
-0.0388098316110374 -0.03218141262925905 0.07099124424029646 
-0.0388098316110374 -0.03218141262925905 0.07099124424029646 
-0.0388098316110374 -0.03218141262925905 0.07099124424029646 
-0.0388098316110374 -0.03218141262925905 0.07099124424029646 
-0.0388098316110374 -0.03218141262925905 0.07099124424029646 
-0.0388098316110374 -0.03218141262925905 0.07099124424029646 
-0.0388098316110374 -0.03218141262925905 0.07099124424029646 
-0.0388098316110374 -0.03218141262925905 0.07099124424029646 
-0.0388098316110374 -0.03218141262925905 0.07099124424029646 
-0.0388098316110374 -0.03218141262925905 0.07099124424029646 
-0.0388098316110374 -0.03218141262925905 0.07099124424029646 
-0.0388098316110374 -0.03218141262925905 0.07099124424029646 
-0.0388098316110374 -0.03218141262925905 0.07099124424029646 
-0.0388098316110374 -0.03218141262925905 0.07099124424029646 
-0.0388098316110374 -0.03218141262925905 0.07099124424029646 
-0.0388098316110374 -0.03218141262925905 0.07099124424029646 
-0.0388098316110374 -0.03218141262925905 0.07099124424029646 
-0.0388098316110374 -0.03218141262925905 0.07099124424029646 
-0.0388098316110374 -0.03218141262925905 0.07099124424029646 
-0.0388098316110374 -0.03218141262925905 0.07099124424029646 
-0.0388098316110374 -0.03218141262925905 0.07099124424029646 
-0.0388098316110374 -0.03218141262925905 0.07099124424029646 
-0.0388098316110374 -0.03218141262925905 0.07099124424029646 
-0.0388098316110374 -0.03218141262925905 0.07099124424029646 
-0.0388098316110374 -0.03218141262925905 0.07099124424029646 
-0.0388098316110374 -0.03218141262925905 0.07099124424029646 
-0.0388098316110374 -0.03218141262925905 0.07099124424029646 
-0.0388098316110374 -0.03218141262925905 0.07099124424029646 
-0.0388098316110374 -0.03218141262925905 0.07099124424029646 
-0.0388098316110374 -0.03218141262925905 0.07099124424029646 
-0.0388098316110374 -0.03218141262925905 0.07099124424029646 
-0.0388098316110374 -0.03218141262925905 0.07099124424029646 
-0.0388098316110374 -0.03218141262925905 0.07099124424029646 
-0.0388098316110374 -0.03218141262925905 0.07099124424029646 
-0.0388098316110374 -0.03218141262925905 0.07099124424029646 
-0.0388098316110374 -0.03218141262925905 0.07099124424029646 
-0.0388098316110374 -0.03218141262925905 0.07099124424029646 
-0.0388098316110374 -0.03218141262925905 0.07099124424029646 
-0.0388098316110374 -0.03218141262925905 0.07099124424029646 
-0.0388098316110374 -0.03218141262925905 0.07099124424029646 
-0.0388098316110374 -0.03218141262925905 0.07099124424029646 
-0.0388098316110374 -0.03218141262925905 0.07099124424029646 
